deriv_1, deriv_2, dose_1, dose_2, dose_0, second_deriv_1, second_deriv_2, second_dose_1, second_dose_2

depth                                                                 20X20                                                                 
2.0                                                                   9.565, 9.575, 131.975, 131.975, 322.657, 9.9, 9.3, 51.345, 194.643    
5.5                                                                   9.875, 9.875, 139.133, 141.5, 320.66, 10.4, 9.65, 40.202, 186.82      
10.0                                                                  10.415, 10.435, 100.612, 98.928, 248.953, 10.8, 10.05, 45.632, 151.097                                                                      
15.0                                                                  10.975, 10.995, 74.448, 73.318, 186.68, 11.3, 10.65, 41.801, 107.253  
20.0                                                                  11.475, 11.495, 59.837, 59.05, 139.213, 11.9, 11.15, 30.832, 81.013   
25.0                                                                  12.055, 12.075, 42.99, 42.438, 104.3, 12.35, 11.75, 28.069, 58.012    
28.5                                                                  12.375, 12.375, 37.078, 37.511, 85.487, 12.85, 12.1, 19.564, 47.548   
