deriv_1, deriv_2, dose_1, dose_2, dose_0, second_deriv_1, second_deriv_2, second_dose_1, second_dose_2

depth                                                                 10X10                                                                 15X15                                                                 20X20                                                                 24X24                                                                 4X4                                                                   7X7                                                                   
2.0                                                                   4.725, 4.825, 156.777, 139.927, 319.193, 5.1, 4.4, 48.4, 245.917      7.125, 7.225, 148.175, 132.82, 324.767, 7.5, 6.9, 48.918, 209.31      9.525, 9.625, 137.397, 123.847, 322.647, 9.9, 9.3, 48.296, 190.813    /                                                                     1.925, 2.025, 169.953, 151.648, 301.493, 2.35, 1.7, 39.176, 240.513   3.125, 3.225, 166.408, 148.622, 309.69, 3.5, 2.8, 49.965, 256.55      
5.5                                                                   4.875, 4.975, 154.768, 140.297, 305.147, 5.35, 4.6, 42.575, 223.333   7.375, 7.475, 143.232, 130.157, 316.21, 7.8, 7.1, 48.754, 207.25      9.825, 9.925, 146.172, 134.422, 320.667, 10.25, 9.65, 55.413, 183.24  11.975, 12.075, 124.293, 113.238, 324.393, 12.4, 11.65, 46.129, 183.107                                                                     2.025, 2.125, 150.925, 134.813, 288.597, 2.45, 1.7, 38.911, 240.193   3.275, 3.375, 145.34, 129.9, 296.797, 3.65, 2.95, 48.152, 232.583     
10.0                                                                  5.175, 5.275, 107.772, 97.622, 232.3, 5.55, 4.8, 43.69, 173.02        7.775, 7.875, 105.602, 96.253, 243.413, 8.15, 7.55, 46.472, 144.65    10.375, 10.475, 103.952, 95.618, 248.957, 10.8, 10.05, 43.969, 149.117                                                                      12.575, 12.675, 96.507, 88.923, 253.263, 13.0, 12.3, 42.242, 133.807  2.125, 2.225, 111.368, 100.315, 209.913, 2.55, 1.85, 32.595, 165.89   3.425, 3.525, 111.933, 101.228, 219.693, 3.85, 3.1, 37.127, 171.833   
15.0                                                                  5.425, 5.525, 82.683, 75.707, 169.14, 5.85, 5.1, 33.68, 121.94        8.125, 8.225, 86.277, 79.992, 180.233, 8.6, 7.85, 35.819, 115.987     10.925, 11.025, 77.828, 72.197, 186.687, 11.3, 10.65, 40.414, 105.633 13.225, 13.325, 74.467, 69.278, 191.3, 13.7, 13.0, 34.321, 95.867     2.225, 2.325, 81.12, 73.557, 148.12, 2.65, 2.0, 26.359, 112.043       3.625, 3.725, 78.463, 71.186, 157.7, 4.05, 3.2, 28.506, 128.763       
20.0                                                                  5.725, 5.825, 58.208, 53.398, 123.893, 6.15, 5.45, 25.426, 82.897     8.575, 8.675, 60.326, 56.014, 133.32, 9.05, 8.2, 27.27, 87.747        11.475, 11.575, 58.264, 54.34, 139.21, 11.9, 11.2, 30.008, 77.387     13.875, 13.975, 57.239, 53.648, 143.313, 14.3, 13.6, 30.675, 74.267   2.325, 2.425, 59.585, 54.313, 105.86, 2.75, 2.0, 20.934, 87.603       3.775, 3.875, 61.009, 55.92, 115.133, 4.25, 3.5, 21.678, 85.99        
25.0                                                                  5.975, 6.075, 44.84, 41.367, 91.527, 6.45, 5.7, 19.13, 61.891         8.975, 9.075, 45.827, 42.736, 99.643, 9.4, 8.65, 23.496, 63.219       12.025, 12.125, 43.538, 40.79, 104.3, 12.35, 11.75, 27.297, 57.194    14.525, 14.625, 43.638, 41.12, 107.74, 15.1, 14.3, 21.008, 53.748     2.475, 2.575, 40.516, 36.838, 76.687, 2.85, 2.1, 16.491, 63.539       3.925, 4.025, 46.494, 42.97, 83.363, 4.45, 3.55, 16.099, 67.242       
28.5                                                                  6.125, 6.225, 38.189, 35.478, 74.587, 6.6, 5.85, 16.908, 51.332       9.175, 9.275, 41.217, 38.728, 80.94, 9.7, 8.65, 19.221, 57.417        12.375, 12.475, 36.214, 34.055, 85.487, 12.85, 12.1, 19.163, 46.901   14.975, 15.075, 35.033, 33.059, 88.37, 15.5, 14.65, 18.324, 45.956    2.575, 2.675, 31.451, 28.548, 62.27, 2.95, 2.3, 12.876, 46.285        4.075, 4.175, 36.752, 33.906, 68.307, 4.5, 3.75, 16.058, 52.409       
