FS          d_cm        D(0)        p1d1sx      D(p1d1sx)   p1d1dx      D(p1d1dx)   p1d2sx      p2d2sx      D(p1d2sx)   D(p2d2sx)   p1d2dx      p2d2dx      D(p1d2dx)   D(p2d2dx)   p1d3sx      p2d3sx      p3d3sx      D(p1d3sx)   D(p2d3sx)   D(p3d3sx)   p1d3dx      p2d3dx      p3d3dx      D(p1d3dx)   D(p2d3dx)   D(p3d3dx)   D(IP-25)    off25
04X04       2.0         426.766     -20.25      197.151     20.25       197.151     -23.0       -17.0       76.724      344.308     17.0        23.0        344.308     76.724      -24.25      -21.75      -15.75      45.459      124.955     377.063     15.75       21.75       24.25       377.063     124.955     45.459      0.358       eq25
04X04       5.5         376.59      -20.75      186.757     20.75       186.757     -24.5       -17.0       58.153      318.094     17.0        24.5        318.094     58.153      -25.25      -20.75      -15.75      44.789      186.757     339.91      15.75       20.75       25.25       339.91      186.757     44.789      0.564       eq25
04X04       10.0        275.906     -21.75      139.233     21.75       139.233     -25.5       -18.5       48.418      222.622     18.5        25.5        222.622     48.418      -25.75      -23.25      1.25        44.96       96.879      275.821     -1.25       23.25       25.75       275.821     96.879      44.96       0.658       eq25
04X04       15.0        209.64      -22.75      110.459     22.75       110.459     -26.5       -19.0       42.557      175.848     19.0        26.5        175.848     42.557      -28.25      -24.75      10.75       26.646      70.146      206.038     8.25        24.75       28.25       207.757     70.146      26.646      0.683       eq25
04X04       20.0        149.87      -24.25      74.079      24.25       74.079      -27.5       -20.5       33.474      121.516     20.0        27.5        125.7       33.474      -27.75      -27.25      5.25        31.382      35.951      149.44      -5.25       27.25       27.75       149.44      35.951      31.382      0.581       eq25
04X04       25.0        108.45      -25.25      55.122      24.75       60.16       -28.5       -22.0       26.131      84.626      22.0        28.5        84.626      26.131      -36.75      -24.25      -19.75      8.112       65.156      96.239      19.75       24.25       31.25       96.239      65.156      13.919      0.478       eq25
04X04       28.5        87.956      -26.75      38.812      25.25       50.852      -29.0       -21.5       22.971      74.208      21.5        29.0        74.208      22.971      -35.25      -26.75      -16.75      7.814       38.812      83.857      12.25       28.75       35.25       86.12       24.508      7.814       0.427       lt25
07X07       2.0         437.136     -31.75      222.616     31.75       222.616     -35.0       -29.0       81.022      340.06      29.0        35.0        340.06      81.022      -37.25      -32.75      -27.75      35.194      173.786     371.718     27.75       32.75       37.25       371.718     173.786     35.194      0.61        eq25
07X07       5.5         391.574     -33.25      187.697     33.25       187.697     -37.0       -30.0       63.484      302.906     30.0        37.0        302.906     63.484      -38.25      -31.25      -27.75      43.897      264.561     342.913     27.75       31.25       38.25       342.913     264.561     43.897      0.909       eq25
07X07       10.0        292.06      -34.75      146.121     34.75       146.121     -38.5       -32.0       56.838      216.25      32.0        38.5        216.25      56.838      -40.75      -34.75      -29.75      33.884      146.121     249.083     29.75       34.75       40.75       249.083     146.121     33.884      1.154       lt25
07X07       15.0        225.17      -36.75      111.055     36.75       111.055     -40.5       -33.0       47.22       176.462     33.0        40.5        176.462     47.22       -42.75      -36.75      -30.75      29.993      111.055     195.307     30.75       36.75       42.75       195.307     111.055     29.993      1.128       eq25
07X07       20.0        162.65      -38.25      85.563      38.25       85.563      -43.0       -34.0       31.655      132.826     34.0        41.5        132.826     43.984      -44.25      -38.25      -31.75      25.446      85.563      143.187     31.75       38.25       44.25       143.187     85.563      25.446      1.032       eq25
07X07       25.0        118.05      -40.25      60.773      40.25       60.773      -44.0       -36.5       28.944      91.904      36.5        44.0        91.904      28.944      -57.75      -55.25      -27.75      10.274      11.149      110.397     27.75       41.25       57.75       110.397     51.023      10.274      0.901       lt25
07X07       28.5        96.188      -41.75      47.439      41.75       47.438      -45.5       -37.5       22.998      75.552      38.0        45.5        73.191      22.998      -47.75      -41.75      -33.75      15.959      47.439      85.52       33.75       41.75       47.75       85.52       47.438      15.958      0.839       lt25
10X10       2.0         447.29      -47.75      208.123     47.75       208.123     -51.0       -45.0       77.291      321.602     45.0        51.0        321.602     77.291      -52.25      -46.25      -42.75      49.694      275.218     370.446     42.75       46.25       52.25       370.446     275.218     49.694      0.912       eq25
10X10       5.5         403.46      -49.75      182.315     49.75       182.315     -54.0       -46.0       57.611      302.724     46.0        54.0        302.724     57.611      -54.25      -47.25      -44.75      54.167      270.52      323.613     44.75       47.25       54.25       323.613     270.52      54.167      1.306       eq25
10X10       10.0        308.092     -52.25      140.45      51.75       153.69      -55.5       -48.5       66.109      226.148     48.5        55.5        226.148     66.109      -56.75      -49.75      32.25       49.694      202.756     285.505     -32.25      51.75       56.75       285.505     153.69      49.694      1.53        eq25
10X10       15.0        240.19      -54.75      118.038     54.75       118.038     -58.5       -51.5       55.643      171.668     51.5        58.5        171.668     55.643      -63.25      -53.75      -50.25      29.7        136.691     184.284     50.25       53.75       63.25       184.284     136.691     29.7        1.619       eq25
10X10       20.0        174.89      -57.25      89.637      57.25       89.637      -62.0       -53.5       37.751      129.624     53.5        62.0        129.624     37.751      -64.75      -57.25      -50.25      26.837      89.637      143.938     50.25       57.25       64.75       143.938     89.637      26.837      1.449       eq25
10X10       25.0        129.27      -60.75      59.311      60.75       59.311      -64.5       -56.5       30.773      93.215      56.5        64.5        93.215      30.773      -86.25      -60.75      -35.25      11.854      59.311      119.873     35.25       60.75       83.25       119.873     59.311      12.747      1.19        eq25
10X10       28.5        105.11      -62.75      47.01       61.75       54.346      -66.0       -58.5       27.016      74.518      57.0        66.0        80.244      27.016      -68.25      -84.25      20.75       19.904      11.182      102.43      -20.75      82.25       68.25       102.43      11.63       19.904      1.02        eq25
15X15       2.0         455.906     -72.25      176.736     72.25       176.736     -75.0       -69.0       77.809      298.556     69.0        75.0        298.556     77.809      -77.25      -73.75      -67.75      39.817      117.445     326.468     66.75       73.75       77.25       340.925     117.445     39.817      1.231       eq25
15X15       5.5         416.226     -74.25      188.139     74.25       188.139     -78.0       -72.0       76.076      257.784     72.0        78.0        257.784     76.076      -80.25      -73.25      -69.75      45.837      221.252     299.562     69.75       73.25       80.25       299.562     221.252     45.837      1.733       eq25
15X15       10.0        322.092     -78.25      139.198     78.25       139.198     -82.5       -74.5       57.102      214.36      74.5        82.5        214.36      57.102      -84.75      -77.75      -72.25      41.139      151.193     234.933     72.25       77.75       82.75       234.933     151.193     54.594      1.989       eq25
15X15       15.0        256.78      -82.25      117.397     82.25       117.397     -86.0       -78.0       60.295      174.592     79.0        86.0        165.196     60.295      -87.25      -83.75      67.75       49.03       92.038      204.649     -67.75      83.75       87.25       204.649     92.038      49.03       2.107       eq25
15X15       20.0        189.73      -86.75      82.78       86.75       82.78       -91.5       -82.5       38.95       124.878     82.5        91.5        124.878     38.95       -91.75      -87.75      26.25       37.856      71.104      183.575     25.75       106.25      91.75       183.803     21.208      37.856      1.861       eq25
15X15       25.0        140.93      -91.25      58.608      90.75       62.712      -96.0       -87.0       29.554      89.667      87.0        94.0        89.667      38.494      -96.25      -109.25     -47.75      28.87       18.016      127.707     -47.25      92.25       111.75      127.935     50.58       17.103      1.551       eq25
15X15       28.5        114.93      -93.75      49.805      94.25       46.521      -97.0       -90.5       30.923      69.508      90.5        97.5        69.508      28.916      -104.75     -95.25      -53.75      18.244      40.136      102.163     -54.25      95.25       104.75      101.935     40.136      18.244      1.35        eq25
20X20       2.0         460.1       -96.25      172.584     96.25       172.584     -99.0       -93.0       80.517      279.19      93.0        99.0        279.19      80.517      -101.25     -94.25      -91.75      42.467      244.268     301.873     91.75       94.25       101.25      301.873     244.268     42.467      1.463       eq25
20X20       5.5         436.17      -99.75      170.468     99.75       170.468     -103.5      -96.0       70.855      268.238     96.0        103.5       268.238     70.855      -104.75     -97.75      -93.75      54.2        230.004     293.265     93.75       97.75       104.75      293.265     230.004     54.2        2.015       eq25
20X20       10.0        340.01      -104.25     144.149     104.75      133.199     -108.5      -100.5      63.678      208.702     101.5       108.5       196.186     63.678      -110.75     -103.75     -100.25     45.78       154.961     211.095     98.75       103.75      110.75      222.23      154.961     45.78       2.301       eq25
20X20       15.0        265.48      -110.75     101.175     110.75      101.175     -114.5      -107.0      54.108      152.108     107.0       114.5       152.108     54.108      -118.75     -109.25     -104.75     36.854      123.859     168.308     104.75      109.25      118.75      168.308     123.859     36.854      2.31        eq25
20X20       20.0        198.3       -115.75     81.76       115.25      87.005      -120.0      -113.0      43.893      108.122     113.0       120.0       108.122     43.893      -126.25     -115.25     44.75       28.802      87.005      182.66      16.75       115.25      126.25      195.77      87.005      28.802      2.08        eq25
20X20       25.0        148.15      -121.75     57.513      121.75      57.513      -125.0      -118.5      36.992      79.873      118.5       123.5       79.873      45.274      -135.25     -135.75     52.25       21.625      21.395      133.752     -88.75      135.75      135.25      114.1       21.395      21.625      1.73        eq25
20X20       28.5        121.47      -124.75     51.071      124.75      51.071      -129.0      -123.0      29.63       60.917      120.0       129.0       72.604      29.63       -130.75     -135.25     -38.75      25.03       20.152      114.79      35.75       135.25      130.75      115.72      20.152      25.03       1.583       lt25
24X24       2.0         464.968     -116.25     166.38      116.25      166.38      -120.0      -113.0      59.391      262.334     113.0       120.0       262.334     59.391      -121.25     -118.75     -111.75     43.349      86.849      282.117     111.75      118.75      121.25      282.117     86.849      43.349      1.621       eq25
24X24       5.5         440.35      -120.75     156.472     120.75      156.472     -124.0      -117.5      75.237      238.452     117.5       124.0       238.452     75.237      -127.75     -122.75     -115.25     41.106      102.114     267.143     115.25      122.75      125.25      267.143     102.114     57.334      2.148       eq25
24X24       10.0        345.03      -126.75     123.412     126.75      123.412     -129.5      -123.5      73.842      181.722     123.5       131.0       181.722     56.079      -132.75     -125.75     -119.25     45.012      143.313     212.178     119.25      125.75      131.75      212.178     143.313     50.359      2.372       eq25
24X24       15.0        271.1       -133.75     97.419      133.75      97.419      -137.5      -129.5      54.033      147.22      130.5       137.5       138.386     54.033      -140.75     -133.75     -128.25     39.246      97.419      155.08      128.25      133.75      137.75      155.08      97.419      52.266      2.455       eq25
24X24       20.0        202.74      -139.75     79.84       139.75      79.84       -144.5      -137.0      41.757      102.953     137.0       144.5       102.953     41.757      -146.75     -141.25     -133.75     34.177      65.658      117.46      133.75      142.25      146.75      117.46      56.87       34.178      2.465       lt25
24X24       25.0        /
24X24       28.5        124.62      -151.75     44.268      150.75      49.476      -155.5      -146.5      28.179      67.146      146.5       155.5       67.146      28.179      -155.75     -162.75     -64.75      27.528      19.763      109.51      -74.25      146.75      155.75      105.79      66.402      27.528      1.525       eq25
