FS          d_cm        D(0)        p1d1sx      D(p1d1sx)   p1d1dx      D(p1d1dx)   p1d2sx      p2d2sx      D(p1d2sx)   D(p2d2sx)   p1d2dx      p2d2dx      D(p1d2dx)   D(p2d2dx)   p1d3sx      p2d3sx      p3d3sx      D(p1d3sx)   D(p2d3sx)   D(p3d3sx)   p1d3dx      p2d3dx      p3d3dx      D(p1d3dx)   D(p2d3dx)   D(p3d3dx)   D(IP-25)    off25
04X04       2.0         422.376     -20.25      199.387     20.25       199.387     -23.0       -17.0       80.237      341.822     17.0        23.0        341.822     80.237      -24.25      -21.75      -15.75      48.113      128.327     373.286     15.75       21.75       24.25       373.286     128.327     48.113      0.374       eq25
04X04       5.5         372.676     -20.75      190.197     20.75       190.197     -24.0       -18.0       74.444      290.308     18.0        24.0        290.308     74.444      -26.25      -19.25      -15.75      35.221      249.094     335.566     15.75       19.25       26.25       335.566     249.094     35.221      0.573       eq25
04X04       10.0        273.458     -21.75      142.116     21.75       142.116     -25.0       -19.0       60.484      211.96      19.0        25.0        211.96      60.484      -27.25      -22.75      -14.75      31.356      114.052     257.776     14.75       22.75       27.25       257.776     114.052     31.356      0.673       eq25
04X04       15.0        211.332     -22.75      113.409     22.75       113.409     -27.0       -19.5       39.497      170.778     19.5        27.0        170.778     39.497      -29.25      -21.75      -18.25      23.016      133.58      183.974     18.25       21.75       29.25       183.974     133.58      23.016      0.694       eq25
04X04       20.0        151.196     -24.25      76.34       24.25       76.34       -28.0       -20.5       31.326      122.588     20.5        28.0        122.588     31.326      -29.25      -22.75      -20.25      23.037      97.295      124.603     20.25       22.75       29.25       124.603     97.295      23.037      0.593       eq25
04X04       25.0        109.444     -25.25      56.957      25.25       56.957      -28.5       -22.0       27.897      85.636      22.0        28.5        85.636      27.897      -30.75      -24.25      -19.75      16.476      66.794      96.909      19.75       24.25       30.75       96.909      66.794      16.476      0.491       eq25
04X04       28.5        88.706      -26.25      44.365      26.25       44.365      -29.5       -23.0       21.843      67.684      23.0        29.5        67.684      21.843      -31.75      -24.25      -21.75      13.207      59.627      73.808      21.75       24.25       31.75       73.808      59.627      13.207      0.419       eq25
07X07       2.0         431.706     -31.75      221.557     31.75       221.557     -35.0       -29.0       83.375      335.258     29.0        35.0        335.258     83.375      -37.25      -30.25      -27.75      36.522      289.524     365.79      27.75       30.25       37.25       365.79      289.524     36.522      0.62        eq25
07X07       5.5         388.104     -33.25      190.972     33.25       190.972     -37.0       -30.0       67.804      301.574     30.0        37.0        301.574     67.804      -38.25      -31.25      -28.75      47.008      265.171     326.335     28.75       31.25       38.25       326.335     265.171     47.007      0.929       eq25
07X07       10.0        291.01      -34.75      148.682     34.75       148.682     -39.0       -31.0       52.534      233.084     31.0        39.0        233.084     52.534      -39.25      -36.75      -30.75      49.475      95.716      236.383     30.75       36.75       39.25       236.383     95.716      49.475      1.141       eq25
07X07       15.0        226.8       -36.75      113.414     36.75       113.414     -41.0       -33.5       44.29       171.228     33.5        41.0        171.228     44.29       -42.25      -35.75      -30.75      34.356      133.286     196.516     30.75       35.75       42.25       196.516     133.286     34.356      1.147       eq25
07X07       20.0        163.444     -38.75      80.086      38.75       80.086      -42.0       -35.5       41.007      120.642     35.5        42.0        120.642     41.007      -44.25      -37.75      -31.75      26.483      93.845      143.338     31.75       37.75       44.25       143.338     93.845      26.483      1.032       eq25
07X07       25.0        118.968     -40.25      62.051      40.25       62.051      -45.0       -36.5       24.933      92.525      36.5        45.0        92.525      24.933      -46.25      -40.75      -35.25      20.3        57.186      98.431      35.25       40.75       46.25       98.431      57.186      20.3        0.898       lt25
07X07       28.5        96.666      -41.25      52.04       41.25       52.04       -46.0       -38.5       21.745      70.787      38.5        46.0        70.787      21.745      -48.25      -40.75      13.75       15.367      55.822      95.335      -13.75      40.75       48.25       95.335      55.822      15.367      0.794       lt25
10X10       2.0         439.636     -47.75      206.291     47.75       206.291     -51.0       -45.0       77.956      316.266     45.0        51.0        316.266     77.956      -52.25      -49.75      -43.75      50.4        120.031     347.037     43.75       49.75       52.25       347.037     120.03      50.4        0.901       eq25
10X10       5.5         399.856     -49.75      185.988     49.75       185.988     -54.0       -46.0       60.915      301.478     46.0        54.0        301.478     60.915      -56.25      -50.25      -44.75      37.702      167.527     321.19      44.75       50.25       56.25       321.19      167.527     37.702      1.304       eq25
10X10       10.0        305.008     -52.25      142.685     52.25       142.685     -56.0       -48.5       61.178      224.72      48.5        56.0        224.72      61.178      -58.75      -52.75      -47.25      37.165      129.8       239.615     47.25       52.75       58.75       239.615     129.8       37.165      1.528       eq25
10X10       15.0        242.246     -54.75      119.605     54.75       119.605     -59.0       -51.5       51.702      172.858     51.5        59.0        172.858     51.702      -59.25      -56.75      -50.25      49.376      82.953      185.271     50.25       56.75       59.25       185.271     82.953      49.376      1.634       eq25
10X10       20.0        176.94      -57.75      84.724      57.75       84.724      -61.0       -54.5       46.951      122.728     54.5        61.0        122.728     46.951      -63.25      -58.75      -53.25      32.447      71.782      132.361     53.25       58.75       63.25       132.361     71.782      32.447      1.448       eq25
10X10       25.0        130.564     -60.75      60.856      60.75       60.856      -64.5       -57.0       32.03       91.457      57.0        64.5        91.457      32.03       -64.75      -59.25      -56.75      30.821      74.475      92.88       56.75       59.25       64.75       92.88       74.475      30.821      1.209       eq25
10X10       28.5        106.244     -62.25      51.863      62.25       51.863      -66.5       -58.0       25.965      77.679      58.0        66.5        77.679      25.965      -67.75      -65.25      -57.75      21.844      31.963      78.602      57.75       65.25       67.75       78.602      31.963      21.844      1.047       eq25
15X15       2.0         448.902     -71.75      194.076     71.75       194.076     -75.0       -69.0       77.255      292.568     69.0        75.0        292.568     77.255      -77.25      -70.25      -67.75      39.619      252.423     320.176     67.75       70.25       77.25       320.176     252.423     39.619      1.242       eq25
15X15       5.5         411.376     -74.75      172.967     74.75       172.967     -78.5       -71.0       68.971      277.676     71.0        78.5        277.676     68.971      -79.75      -76.25      -69.75      51.816      124.508     295.831     69.75       76.25       79.75       295.831     124.508     51.816      1.698       eq25
15X15       10.0        319.21      -78.25      140.812     78.25       140.812     -82.5       -75.5       58.89       198.794     75.5        82.5        198.794     58.89       -83.25      -76.75      -74.25      51.437      174.893     215.893     74.25       76.75       83.25       215.893     174.893     51.437      1.972       eq25
15X15       15.0        257.872     -82.25      115.966     82.25       115.966     -86.0       -78.5       59.481      169.348     78.5        86.0        169.348     59.481      -87.25      -82.75      -77.25      48.56       107.264     179.292     77.25       82.75       87.25       179.292     107.264     48.56       2.102       eq25
15X15       20.0        190.676     -86.75      82.102      86.75       82.102      -90.5       -83.0       44.621      121.054     83.0        90.5        121.054     44.621      -92.75      -87.25      -27.75      34.052      76.22       183.318     27.75       87.25       92.75       183.318     76.22       34.052      1.859       eq25
15X15       25.0        141.588     -90.75      62.307      90.75       62.307      -94.5       -88.0       35.607      83.503      88.0        94.5        83.503      35.607      -95.75      -93.25      -85.75      30.446      43.021      94.978      85.75       93.25       95.75       94.978      43.021      30.446      1.562       eq25
15X15       28.5        116.056     -93.75      49.495      93.75       49.495      -97.5       -90.0       28.885      71.697      90.0        97.5        71.697      28.885      -98.75      -94.25      -88.75      25.055      46.204      76.523      88.75       94.25       98.75       76.523      46.204      25.055      1.342       eq25
20X20       2.0         /
20X20       5.5         458.022     -99.75      182.066     99.75       182.066     -103.5      -97.0       77.18       262.528     97.0        103.5       262.528     77.18       -104.75     -99.25      -94.75      58.617      198.318     298.99      94.75       99.25       104.75      298.99      198.318     58.617      2.091       eq25
20X20       10.0        357.108     -104.75     142.041     104.75      142.041     -108.5      -101.5      69.171      206.686     101.5       108.5       206.686     69.171      -110.25     -103.75     -99.25      52.024      164.504     230.32      99.25       103.75      110.25      230.32      164.504     52.024      2.381       eq25
20X20       15.0        267.568     -110.25     108.354     110.25      108.354     -114.5      -107.0      53.809      152.552     107.0       114.5       152.552     53.809      -116.75     -110.25     -104.75     41.571      108.354     168.945     104.75      110.25      116.75      168.945     108.354     41.571      2.331       eq25
20X20       20.0        200.186     -115.75     81.764      115.75      81.764      -119.5      -113.0      46.855      108.43      113.0       119.5       108.43      46.855      -119.75     -117.25     -108.75     45.319      66.067      128.614     108.75      117.25      119.75      128.614     66.067      45.319      2.077       eq25
20X20       25.0        149.382     -121.25     61.442      121.25      61.442      -125.5      -118.0      34.759      82.907      118.0       125.5       82.907      34.759      -126.75     -120.25     -117.75     30.49       68.841      84.073      117.75      120.25      126.75      84.073      68.841      30.491      1.743       eq25
20X20       28.5        122.668     -124.75     51.5        124.75      51.5        -128.5      -122.0      31.676      66.191      122.0       128.5       66.191      31.676      -130.75     -124.25     61.25       25.177      54.446      107.549     -61.25      124.25      130.75      107.549     54.446      25.177      1.504       eq25
24X24       2.0         /
24X24       5.5         460.592     -120.75     165.149     120.75      165.149     -124.0      -117.5      80.888      249.494     117.5       124.0       249.494     80.888      -125.25     -122.75     -116.25     61.798      108.962     268.906     116.25      122.75      125.25      268.906     108.962     61.798      2.254       eq25
24X24       10.0        360.238     -126.75     130.512     126.75      130.512     -130.5      -123.0      65.628      196.394     123.0       130.5       196.394     65.628      -169.75     -167.25     -121.75     15.781      18.018      208.534     121.75      167.25      169.75      208.534     18.018      15.781      2.488       eq25
24X24       15.0        270.938     -133.25     102.0       133.25      102.0       -137.0      -129.5      56.444      146.184     129.5       137.0       146.184     56.444      -139.25     -133.25     -68.75      43.162      102.0       227.108     68.75       133.25      139.25      227.108     102.0       43.162      2.42        eq25
24X24       20.0        203.656     -139.75     78.45       139.75      78.45       -144.0      -136.5      43.626      105.611     136.5       144.0       105.611     43.626      -146.25     -137.75     -135.25     35.064      96.546      112.057     135.25      137.75      146.25      112.057     96.546      35.065      2.143       eq25
24X24       25.0        152.564     -146.25     59.991      146.25      59.991      -150.0      -143.5      37.267      76.523      143.5       150.0       76.523      37.267      -150.25     -147.75     -141.25     36.206      50.007      84.646      141.25      147.75      150.25      84.646      50.007      36.206      1.799       eq25
24X24       28.5        125.34      -150.75     49.324      150.75      49.324      -155.0      -148.5      29.563      60.314      148.5       155.0       60.314      29.563      -155.25     -150.75     -40.75      28.808      49.324      118.401     40.75       150.75      155.25      118.401     49.324      28.808      1.551       eq25
