FS          d_cm        D(0)        p1d1sx      D(p1d1sx)   p1d1dx      D(p1d1dx)   p1d2sx      p2d2sx      D(p1d2sx)   D(p2d2sx)   p1d2dx      p2d2dx      D(p1d2dx)   D(p2d2dx)   p1d3sx      p2d3sx      p3d3sx      D(p1d3sx)   D(p2d3sx)   D(p3d3sx)   p1d3dx      p2d3dx      p3d3dx      D(p1d3dx)   D(p2d3dx)   D(p3d3dx)   D(IP-25)    off25
04X04       2.0         452.001     -20.25      213.933     20.25       213.933     -23.5       -17.0       68.42       366.827     17.0        23.5        366.827     68.42       -24.75      -20.25      -15.75      40.597      213.933     399.914     15.75       20.25       24.75       399.914     213.933     40.597      0.374       eq25
04X04       5.5         433.031     -20.75      214.434     20.75       214.434     -24.0       -17.5       80.489      350.669     17.5        24.0        350.669     80.489      -26.25      -20.25      -15.25      36.154      238.147     397.661     15.25       20.25       26.25       397.661     238.147     36.154      0.616       eq25
04X04       10.0        314.704     -21.75      158.722     21.75       158.722     -25.0       -18.5       64.623      253.055     18.5        25.0        253.055     64.623      -27.25      -22.75      -16.25      32.354      126.324     286.606     16.25       22.75       27.25       286.606     126.324     32.354      0.729       eq25
04X04       15.0        222.234     -22.75      115.983     22.75       115.983     -26.0       -19.5       50.808      178.985     19.5        26.0        178.985     50.808      -28.25      -22.25      -16.25      26.845      127.086     206.974     16.25       22.25       28.25       206.974     127.086     26.845      0.704       eq25
04X04       20.0        158.859     -23.75      85.382      23.75       85.382      -28.0       -20.5       29.879      128.443     20.5        28.0        128.443     29.879      -29.25      -23.75      -18.25      21.661      85.382      143.983     18.25       23.75       29.25       143.983     85.382      21.661      0.613       eq25
04X04       25.0        115.043     -25.25      58.016      25.25       58.016      -29.0       -21.5       23.591      93.23       21.5        29.0        93.23       23.591      -31.25      -25.75      -20.25      14.058      52.609      100.095     20.25       25.75       31.25       100.095     52.609      14.058      0.5         eq25
04X04       28.5        93.347      -26.25      45.026      26.25       45.026      -30.0       -22.5       18.43       73.759      22.5        30.0        73.759      18.43       -32.25      -26.75      -20.25      11.329      40.764      83.162      20.25       26.75       32.25       83.162      40.764      11.329      0.428       eq25
07X07       2.0         464.399     -32.25      209.889     32.25       209.889     -35.5       -28.5       70.194      375.709     28.5        35.5        375.709     70.194      -37.25      -32.25      -27.25      37.027      209.889     403.554     27.25       32.25       37.25       403.554     209.889     37.027      0.628       eq25
07X07       5.5         445.109     -33.25      206.572     33.25       206.572     -37.0       -29.5       68.323      353.827     29.5        37.0        353.827     68.323      -38.25      -32.75      -28.25      46.644      229.324     380.533     28.25       32.75       38.25       380.533     229.324     46.644      0.99        eq25
07X07       10.0        329.413     -34.75      159.958     34.75       159.958     -38.5       -31.5       61.149      251.331     31.5        38.5        251.331     61.149      -40.25      -33.75      -30.25      39.655      191.32      273.052     30.25       33.75       40.25       273.052     191.32      39.656      1.193       eq25
07X07       15.0        236.415     -36.25      123.085     36.25       123.085     -40.0       -32.5       52.496      189.541     32.5        40.0        189.541     52.496      -42.25      -35.75      -31.25      32.037      133.771     201.04      31.25       35.75       42.25       201.04      133.771     32.037      1.183       eq25
07X07       20.0        172.679     -38.25      87.688      38.25       87.688      -42.0       -34.5       39.153      135.728     34.5        42.0        135.728     39.153      -44.25      -38.25      -33.25      25.247      87.688      144.773     33.25       38.25       44.25       144.773     87.688      25.247      1.075       eq25
07X07       25.0        125.033     -40.25      61.829      40.25       61.829      -44.5       -36.0       25.8        99.088      36.0        44.5        99.088      25.8        -45.75      -41.25      -34.75      20.664      51.512      105.02      34.75       41.25       45.75       105.02      51.512      20.664      0.926       lt25
07X07       28.5        102.462     -41.25      52.969      41.25       52.969      -45.5       -37.0       23.242      81.945      37.0        45.5        81.945      23.242      -47.75      -41.25      -35.75      16.374      52.969      86.387      35.75       41.25       47.75       86.387      52.969      16.374      0.901       lt25
10X10       2.0         478.91      -47.75      222.423     47.75       222.423     -51.5       -44.5       68.437      359.624     44.5        51.5        359.624     68.437      -52.75      -48.25      -43.25      44.967      197.61      388.246     43.25       48.25       52.75       388.246     197.61      44.967      0.95        eq25
10X10       5.5         457.62      -49.25      221.206     49.25       221.206     -53.0       -46.5       82.342      326.036     46.5        53.0        326.036     82.342      -55.25      -48.75      -44.25      45.581      242.487     373.026     44.25       48.75       55.25       373.026     242.487     45.581      1.447       eq25
10X10       10.0        348.526     -52.25      154.102     52.25       154.102     -56.0       -48.5       62.885      253.709     48.5        56.0        253.709     62.885      -57.25      -52.75      -47.25      48.341      139.217     272.71      47.25       52.75       57.25       272.71      139.217     48.341      1.693       eq25
10X10       15.0        253.717     -54.75      118.829     54.75       118.829     -58.0       -50.5       60.317      191.065     50.5        58.0        191.065     60.317      -60.25      -53.75      -49.25      39.476      139.253     201.653     49.25       53.75       60.25       201.653     139.253     39.476      1.689       eq25
10X10       20.0        185.799     -57.25      90.883      57.25       90.883      -61.0       -54.5       44.522      126.507     54.5        61.0        126.507     44.522      -63.25      -57.75      -51.75      31.08       83.778      146.722     51.75       57.75       63.25       146.722     83.778      31.08       1.507       eq25
10X10       25.0        137.288     -60.25      64.682      60.25       64.682      -64.0       -56.5       32.959      97.718      56.5        64.0        97.718      32.959      -65.25      -60.25      -53.25      27.114      64.682      111.012     53.25       60.25       65.25       111.012     64.682      27.114      1.253       eq25
10X10       28.5        111.87      -61.75      55.225      61.75       55.225      -65.5       -58.0       29.023      80.65       58.0        65.5        80.65       29.023      -68.75      -62.25      -55.75      19.048      51.221      88.434      55.75       62.25       68.75       88.434      51.221      19.048      1.09        eq25
15X15       2.0         487.028     -71.75      210.629     71.75       210.629     -75.5       -68.5       69.341      333.612     68.5        75.5        333.612     69.341      -76.75      -72.25      -67.25      47.371      188.029     358.472     67.25       72.25       76.75       358.472     188.029     47.371      1.315       eq25
15X15       5.5         474.317     -74.25      205.061     74.25       205.061     -78.0       -71.0       80.249      315.507     71.0        78.0        315.507     80.249      -80.25      -72.75      -69.75      48.409      261.807     340.033     69.75       72.75       80.25       340.033     261.807     48.409      1.9         eq25
15X15       10.0        365.098     -78.25      151.359     78.25       151.359     -81.5       -74.5       74.891      240.439     74.5        81.5        240.439     74.891      -84.25      -79.25      -72.75      46.59       124.431     262.32      72.75       79.25       84.25       262.32      124.431     46.59       2.193       eq25
15X15       15.0        270.359     -82.25      115.325     82.25       115.325     -85.5       -78.5       62.513      176.132     78.5        85.5        176.132     62.513      -87.75      -83.25      -76.75      44.024      96.995      191.138     76.75       83.25       87.75       191.138     96.995      44.024      2.169       eq25
15X15       20.0        199.995     -86.25      87.234      86.25       87.234      -89.5       -82.5       50.31       129.207     82.5        89.5        129.207     50.31       -91.75      -87.25      -80.75      36.662      74.557      139.774     80.75       87.25       91.75       139.774     74.557      36.662      1.94        eq25
15X15       25.0        149.454     -90.25      66.416      90.25       66.416      -94.5       -86.5       34.396      95.909      86.5        94.5        95.909      34.396      -95.75      -91.25      -84.75      29.738      57.369      103.498     84.75       91.25       95.75       103.498     57.369      29.738      1.642       eq25
15X15       28.5        121.447     -92.25      59.934      92.25       59.934      -96.5       -89.5       32.327      76.778      89.5        96.5        76.778      32.327      -97.75      -91.75      -85.75      27.467      63.472      87.477      85.75       91.75       97.75       87.477      63.472      27.467      1.423       eq25
20X20       2.0         483.94      -95.75      195.855     95.75       195.855     -99.5       -92.5       68.652      302.869     92.5        99.5        302.869     68.652      -100.75     -94.75      -91.25      48.069      234.761     323.757     91.25       94.75       100.75      323.757     234.761     48.069      1.529       eq25
20X20       5.5         481.004     -99.25      192.867     99.25       192.867     -103.0      -96.5       79.457      279.586     96.5        103.0       279.586     79.457      -104.75     -98.25      -94.75      54.271      227.396     311.981     94.75       98.25       104.75      311.981     227.396     54.271      2.198       eq25
20X20       10.0        373.447     -104.25     149.679     104.25      149.679     -108.0      -101.0      70.461      218.916     101.0       108.0       218.916     70.461      -109.75     -103.75     -98.75      52.631      161.898     243.362     98.75       103.75      109.75      243.362     161.898     52.631      2.474       eq25
20X20       15.0        280.046     -109.75     112.507     109.75      112.507     -113.5      -106.5      58.755      160.639     106.5       113.5       160.639     58.755      -115.75     -110.75     -104.75     43.94       95.962      175.612     104.75      110.75      115.75      175.612     95.962      43.94       2.428       eq25
20X20       20.0        208.804     -115.25     84.453      115.25      84.453      -119.0      -112.0      47.173      117.663     112.0       119.0       117.663     47.173      -120.25     -115.25     -107.25     40.282      84.453      137.617     107.25      115.25      120.25      137.617     84.453      40.282      2.159       eq25
20X20       25.0        156.455     -120.75     63.251      120.75      63.251      -124.0      -117.5      39.846      86.934      117.5       124.0       86.934      39.846      -126.75     -120.75     -113.75     29.66       63.251      100.028     113.75      120.75      147.75      100.028     63.251      17.816      1.817       eq25
20X20       28.5        128.233     -124.25     52.703      124.25      52.703      -128.5      -120.5      29.833      73.315      120.5       128.5       73.315      29.833      -129.25     -125.25     -117.25     27.573      46.325      81.485      117.25      125.25      147.75      81.485      46.325      16.358      1.636       lt25
24X24       2.0         /
24X24       5.5         486.534     -120.25     177.95      120.25      177.95      -124.0      -117.0      74.996      268.295     117.0       124.0       268.295     74.996      -126.25     -120.75     -114.75     49.233      161.778     299.091     114.75      120.75      126.25      299.091     161.778     49.233      2.34        eq25
24X24       10.0        379.851     -126.25     139.072     126.25      139.072     -130.0      -122.5      67.453      210.464     122.5       130.0       210.464     67.453      -131.25     -127.25     -120.75     55.086      116.801     226.579     120.75      127.25      131.25      226.579     116.801     55.086      2.605       eq25
24X24       15.0        286.916     -132.75     107.779     132.75      107.779     -136.5      -129.5      58.196      151.493     129.5       136.5       151.493     58.196      -138.25     -133.25     -127.75     46.402      100.12      164.826     127.75      133.25      138.25      164.826     100.12      46.402      2.535       eq25
24X24       20.0        214.969     -139.25     83.129      139.25      83.129      -143.5      -136.0      44.974      112.76      136.0       143.5       112.76      44.974      -144.75     -139.25     -134.75     39.168      83.129      119.807     134.75      139.25      158.75      119.807     83.129      25.464      2.546       lt25
24X24       25.0        161.596     -146.25     59.827      146.25      59.827      -150.5      -142.5      34.223      84.206      142.5       150.5       84.206      34.223      -151.75     -147.25     -139.75     30.544      52.468      93.084      139.75      147.25      151.75      93.084      52.468      30.544      1.88        eq25
24X24       28.5        132.588     -150.75     48.126      150.75      48.126      -154.5      -146.5      29.902      69.637      146.5       154.5       69.637      29.902      -155.75     -152.25     -143.75     26.568      39.665      76.24       143.75      152.25      155.75      76.24       39.665      26.568      1.619       eq25
