FS          d_cm        ini_bin     bin         D(0)        p1d1sx      D(p1d1sx)   p1d1dx      D(p1d1dx)   p1d2sx      p2d2sx      D(p1d2sx)   D(p2d2sx)   p1d2dx      p2d2dx      D(p1d2dx)   D(p2d2dx)   p1d3sx      p2d3sx      p3d3sx      D(p1d3sx)   D(p2d3sx)   D(p3d3sx)   p1d3dx      p2d3dx      p3d3dx      D(p1d3dx)   D(p2d3dx)   D(p3d3dx)   D(IP-25)    off25       params
04X04       2.0         0.5         0.01        422.5       -20.01      211.323     20.01       211.323     -23.1       -16.92      74.3076     347.1268    16.92       23.1        347.1268    74.3076     -25.37      -20.01      -14.65      29.55012    211.323     391.747     14.65       20.01       25.37       391.747     211.323     29.55012    0.31093     lt25        51.2558     -20.01149   3.09291     -51.2558    20.01149    3.09291
04X04       5.5         0.5         0.01        372.56      -20.8       188.144     20.8        188.144     -24.09      -17.5       70.18618    305.17      17.5        24.09       305.17      70.18618    -26.51      -20.8       -15.08      31.51372    188.144     344.1632    15.08       20.8        26.51       344.1632    188.144     31.51372    0.5816      eq25        41.5321     -20.79543   3.29837     -41.5321    20.79543    3.29837
04X04       10.0        0.5         0.01        273.53      -21.83      139.8832    21.83       139.8832    -25.26      -18.4       54.72164    224.304     18.4        25.26       224.304     54.72164    -27.77      -21.83      -15.89      27.00816    139.8832    252.3236    15.89       21.83       27.77       252.3236    139.8832    27.00816    0.67967     eq25        28.80971    -21.82583   3.42938     -28.80971   21.82583    3.42938
04X04       15.0        0.5         0.01        211.36      -22.96      109.0792    22.96       109.0792    -26.57      -19.35      43.77534    173.513     19.35       26.57       173.513     43.77534    -29.21      -22.96      -16.71      22.68244    109.0792    194.583     16.71       22.96       29.21       194.583     109.0792    22.68244    0.69529     eq25        20.92787    -22.96287   3.60887     -20.92787   22.96287    3.60887
04X04       20.0        0.5         0.01        151.2       -24.1       78.5068     24.1        78.5068     -27.82      -20.38      32.24288    124.2212    20.38       27.82       124.2212    32.24288    -30.55      -24.1       -17.66      17.352      78.5068     139.0984    17.66       24.1        30.55       139.0984    78.5068     17.352      0.52373     lt25        14.38272    -24.10077   3.72118     -14.38272   24.10077    3.72118
04X04       25.0        0.5         0.01        109.46      -25.25      56.914      25.25       56.914      -29.1       -21.4       23.636      89.7716     21.4        29.1        89.7716     23.636      -31.91      -25.25      -18.59      13.05546    56.914      100.52752   18.59       25.25       31.91       100.52752   56.914      13.05546    0.49381     eq25        10.00154    -25.24884   3.84627     -10.00154   25.24884    3.84627
04X04       28.5        0.5         0.01        88.718      -26.01      46.30978    26.01       46.30978    -29.94      -22.07      19.38552    72.72986    22.07       29.94       72.72986    19.38552    -32.82      -26.01      -19.19      10.76864    46.30978    81.48448    19.19       26.01       32.82       81.48448    46.30978    10.76864    0.39967     lt25        7.90473     -26.00708   3.93366     -7.90473    26.00708    3.93366
07X07       2.0         0.5         0.01        431.75      -31.99      210.223     31.99       210.223     -35.15      -28.84      76.5635     342.4844    28.84       35.15       342.4844    76.5635     -37.46      -31.99      -26.53      32.78132    210.223     385.1436    26.53       31.99       37.46       385.1436    210.223     32.78132    0.55327     lt25        48.99926    -31.99339   3.1571      -48.99928   31.99339    3.1571
07X07       5.5         0.5         0.01        388.12      -33.24      191.5312    33.24       191.5312    -36.62      -29.86      74.605      306.7908    29.86       36.62       306.7908    74.605      -39.09      -33.24      -27.39      37.00666    191.5312    343.975     27.39       33.24       39.09       343.975     191.5312    37.00666    0.94074     eq25        39.92989    -33.24146   3.37864     -39.92992   33.24146    3.37863
07X07       10.0        0.5         0.01        290.85      -34.87      145.3364    34.87       145.3364    -38.39      -31.36      60.70444    228.6232    31.36       38.39       228.6232    60.70444    -40.96      -34.87      -28.79      33.45856    145.3364    255.8916    28.79       34.87       40.96       255.8916    145.3364    33.45856    1.11183     eq25        27.83407    -34.87484   3.51362     -27.83408   34.87484    3.51362
07X07       15.0        0.5         0.01        226.66      -36.67      115.105     36.67       115.105     -40.4       -32.95      50.1876     178.829     32.95       40.4        178.829     50.1876     -43.12      -36.67      -30.23      29.31948    115.105     199.7138    30.23       36.67       43.12       199.7138    115.105     29.31948    1.15909     eq25        20.13219    -36.67484   3.72326     -20.13218   36.67484    3.72326
07X07       20.0        0.5         0.01        163.48      -38.51      83.52398    38.51       83.52398    -42.35      -34.66      37.5346     128.5052    34.66       42.35       128.5052    37.5346     -45.17      -38.51      -31.85      22.90038    83.52398    143.243     31.85       38.51       45.17       143.243     83.52398    22.90038    1.01374     eq25        13.79777    -38.50595   3.84526     -13.79777   38.50595    3.84526
07X07       25.0        0.5         0.01        118.84      -40.35      61.0327     40.35       61.0327     -44.32      -36.38      28.05992    93.59712    36.38       44.32       93.59712    28.05992    -47.23      -40.35      -33.47      17.65218    61.0327     103.9884    33.47       40.35       47.23       103.9884    61.0327     17.65218    0.87452     lt25        9.59801     -40.35005   3.96954     -9.59801    40.35005    3.96954
07X07       28.5        0.5         0.01        96.716      -41.56      49.65936    41.56       49.65936    -45.64      -37.48      22.998      75.95196    37.48       45.64       75.95196    22.998      -48.62      -41.56      -34.49      14.55412    49.65936    84.53338    34.49       41.56       48.62       84.53338    49.65936    14.55412    0.77764     lt25        7.56328     -41.55603   4.0792      -7.56328    41.55603    4.0792
10X10       2.0         0.5         0.01        439.74      -47.82      203.13      47.82       203.13      -50.97      -44.66      75.83526    327.8068    44.66       50.97       327.8068    75.83526    -53.28      -47.82      -42.35      35.48408    203.13      368.741     42.35       47.82       53.28       368.741     203.13      35.48408    0.90895     eq25        46.40437    -47.81691   3.15441     -46.40439   47.81691    3.15441
10X10       5.5         0.5         0.01        399.84      -49.71      187.4372    49.71       187.4372    -53.12      -46.3       76.47236    296.71      46.3        53.12       296.71      76.47236    -55.62      -49.71      -43.81      41.1742     187.4372    331.757     43.81       49.71       55.62       331.757     187.4372    41.1742     1.1193      lt25        37.5483     -49.71308   3.40857     -37.5483    49.71308    3.40857
10X10       10.0        0.5         0.01        304.92      -52.16      145.064     52.16       145.064     -55.74      -48.58      64.029      224.746     48.58       55.74       224.746     64.029      -58.36      -52.16      -45.95      38.48152    145.064     250.115     45.95       52.16       58.36       250.115     145.064     38.48152    1.54366     eq25        26.06023    -52.15831   3.58185     -26.06024   52.15831    3.58185
10X10       15.0        0.5         0.01        242.57      -54.91      116.65      54.91       116.65      -58.68      -51.13      54.45348    177.6902    51.13       58.68       177.6902    54.45348    -61.45      -54.91      -48.37      34.9603     116.65      197.2904    48.37       54.91       61.45       197.2904    116.65      34.9603     1.0812      lt25        18.98385    -54.90775   3.77523     -18.98384   54.90774    3.77523
10X10       20.0        0.5         0.01        176.92      -57.62      86.52032    57.62       86.52032    -61.55      -53.7       41.9304     129.758     53.7        61.55       129.758     41.9304     -64.43      -57.62      -50.82      28.07382    86.52032    143.9152    50.82       57.62       64.43       143.9152    86.52032    28.07382    1.46562     eq25        13.01606    -57.6245    3.92854     -13.01605   57.62449    3.92854
10X10       25.0        0.5         0.01        130.54      -60.38      64.2534     60.38       64.2534     -64.45      -56.31      31.9665     95.61248    56.31       64.45       95.61248    31.9665     -67.43      -60.38      -53.33      22.04106    64.2534     105.9306    53.33       60.38       67.43       105.9306    64.2534     22.04106    1.2278      eq25        9.10703     -60.37804   4.0689      -9.10701    60.37804    4.06891
10X10       28.5        0.5         0.01        106.3       -62.18      52.37072    62.18       52.37072    -66.32      -58.05      26.4104     77.7014     58.05       66.32       77.7014     26.4104     -69.34      -62.18      -55.02      18.46584    52.37072    85.95032    55.02       62.18       69.34       85.95032    52.37072    18.46584    1.05515     eq25        7.20876     -62.1806    4.13449     -7.20876    62.1806     4.13448
15X15       2.0         0.5         0.01        449.05      -71.86      189.5988    71.86       189.5988    -75.04      -68.69      73.93448    302.5682    68.69       75.04       302.5682    73.93448    -77.36      -71.86      -66.37      37.49       189.5988    339.397     66.37       71.86       77.36       339.397     189.5988    37.49       1.24764     eq25        41.80151    -71.86224   3.17288     -41.8015    71.86224    3.17288
15X15       5.5         0.5         0.01        411.54      -74.66      176.0188    74.66       176.0188    -78.08      -71.24      75.48132    274.5016    71.24       78.08       274.5016    75.48132    -80.58      -74.66      -68.74      43.84928    176.0188    306.2044    68.74       74.66       80.58       306.2044    176.0188    43.84928    1.71729     eq25        33.83026    -74.66108   3.41681     -33.83025   74.66108    3.41681
15X15       10.0        0.5         0.01        319.27      -78.35      138.537     78.35       138.537     -81.92      -74.77      65.20076    210.5312    74.77       81.92       210.5312    65.20076    -84.54      -78.35      -72.15      42.23248    138.537     233.72      72.15       78.35       84.54       233.72      138.537     42.23248    1.98065     eq25        23.60729    -78.34555   3.57883     -23.6073    78.34555    3.57883
15X15       15.0        0.5         0.01        257.78      -82.38      113.6128    82.38       113.6128    -86.17      -78.58      56.9398     169.2032    78.58       86.17       169.2032    56.9398     -88.95      -82.38      -75.81      39.3886     113.6128    187.1048    75.81       82.38       88.95       187.1048    113.6128    39.3886     2.10555     eq25        17.20261    -82.37778   3.79362     -17.20262   82.37778    3.79361
15X15       20.0        0.5         0.01        190.6       -86.48      85.32516    86.48       85.32516    -90.44      -82.52      44.49808    124.8832    82.52       90.44       124.8832    44.49808    -93.34      -86.48      -79.62      32.19688    85.32516    137.4556    79.62       86.48       93.34       137.4556    85.32516    32.19688    1.87475     eq25        11.76701    -86.47955   3.96278     -11.76699   86.47954    3.96279
15X15       25.0        0.5         0.01        141.66      -90.57      63.76354    90.57       63.76354    -94.68      -86.45      34.35024    92.2583     86.45       94.68       92.2583     34.35024    -97.7       -90.57      -83.44      25.5414     63.76354    101.4792    83.44       90.57       97.7        101.4792    63.76354    25.5414     1.57594     eq25        8.17483     -90.56591   4.1162      -8.17483    90.56591    4.11619
15X15       28.5        0.5         0.01        116.04      -93.29      52.62466    93.29       52.62466    -97.48      -89.11      28.63256    75.54216    89.11       97.48       75.54216    28.63256    -100.54     -93.29      -86.04      21.49524    52.62466    82.85224    86.04       93.29       100.54      82.85224    52.62466    21.49524    1.36098     eq25        6.49605     -93.29341   4.1857      -6.49606    93.29342    4.18568
20X20       2.0         /
20X20       5.5         0.5         0.01        458.03      -99.86      178.3928    99.86       178.3928    -103.3      -96.43      79.636      275.772     96.43       103.3       275.772     79.636      -105.81     -99.86      -93.92      48.271      178.3928    307.1664    93.92       99.86       105.81      307.1664    178.3928    48.271      2.09341     eq25        33.2023     -99.86315   3.43336     -33.20229   99.86315    3.43336
20X20       10.0        0.5         0.01        356.9       -104.76     141.8096    104.76      141.8096    -108.41     -101.12     69.4168     212.7724    101.12      108.41      212.7724    69.4168     -111.07     -104.76     -98.45      46.82456    141.8096    235.681     98.45       104.76      111.07      235.681     141.8096    46.82456    2.39304     eq25        22.87214    -104.76168  3.64445     -22.87219   104.76168   3.64444
20X20       15.0        0.5         0.01        267.62      -110.29     107.8328    110.29      107.8328    -114.09     -106.49     56.70644    158.0992    106.49      114.09      158.0992    56.70644    -116.87     -110.29     -103.71     40.88086    107.8328    173.5486    103.71      110.29      116.87      173.5486    107.8328    40.88086    2.34088     eq25        15.46526    -110.29132  3.801       -15.4652    110.29131   3.80103
20X20       20.0        0.5         0.01        200.21      -115.79     81.3402     115.79      81.3402     -119.76     -111.82     44.83456    117.0252    111.82      119.76      117.0252    44.83456    -122.67     -115.79     -108.91     33.52418    81.3402     128.336     108.91      115.79      122.67      128.336     81.3402     33.52418    2.08709     eq25        10.56841    -115.78852  3.97227     -10.56842   115.78852   3.97227
20X20       25.0        0.5         0.01        149.39      -121.27     61.34164    121.27      61.34164    -125.4      -117.15     34.8352     87.0217     117.15      125.4       87.0217     34.8352     -128.42     -121.27     -114.13     26.86512    61.34164    95.27194    114.13      121.27      128.42      95.27194    61.34164    26.86512    1.74873     eq25        7.34009     -121.27465  4.12646     -7.3401     121.27465   4.12645
20X20       28.5        0.5         0.01        122.72      -124.92     50.50016    124.92      50.50016    -129.14     -120.71     29.15332    71.27136    120.71      129.14      71.27136    29.15332    -132.22     -124.92     -117.63     22.73948    50.50016    77.87094    117.63      124.92      132.22      77.87094    50.50016    22.73948    1.50486     eq25        5.80761     -124.92456  -4.2119     -5.80764    124.92456   -4.21186
24X24       2.0         /
24X24       5.5         0.5         0.01        460.72      -120.69     166.8648    120.69      166.8648    -124.15     -117.24     76.6002     255.4824    117.24      124.15      255.4824    76.6002     -126.67     -120.69     -114.71     48.325      166.8648    284.221     114.71      120.69      126.67      284.221     166.8648    48.325      2.27323     eq25        30.05548    -120.69198  3.45407     -30.05553   120.69199   3.45406
24X24       10.0        0.5         0.01        360.25      -126.65     132.486     126.65      132.486     -130.31     -123.0      67.02876    197.39      123.0       130.31      197.39      67.02876    -132.99     -126.65     -120.32     46.3776     132.486     217.7856    120.32      126.65      132.99      217.7856    132.486     46.3776     2.50688     eq25        20.6787     -126.65277  -3.65599    -20.67872   126.65277   -3.65598
24X24       15.0        0.5         0.01        270.95      -133.31     101.17052   133.31      101.17052   -137.11     -129.51     54.92256    146.694     129.51      137.11      146.694     54.92256    -139.89     -133.31     -126.73     40.7419     101.17052   160.7896    126.73      133.31      139.89      160.7896    101.17052   40.7419     2.43094     eq25        14.00155    -133.30901  -3.80098    -14.00157   133.30901   -3.80096
24X24       20.0        0.5         0.01        203.58      -139.93     76.8122     139.93      76.8122     -143.93     -135.94     43.67274    109.1728    135.94      143.93      109.1728    43.67274    -146.85     -139.93     -133.02     33.5958     76.8122     119.2964    133.02      139.93      146.85      119.2964    76.8122     33.5958     2.15027     eq25        9.51925     -139.93331  3.9934      -9.51922    139.93331   3.99343
24X24       25.0        0.5         0.01        152.6       -146.56     57.8892     146.56      57.8892     -150.71     -142.4      34.10484    81.4492     142.4       150.71      81.4492     34.10484    -153.76     -146.56     -139.36     26.787      57.8892     88.81472    139.36      146.56      153.76      88.81472    57.8892     26.787      1.79612     eq25        6.61243     -146.55557  4.15689     -6.61242    146.55556   4.1569
24X24       28.5        0.5         0.01        125.26      -151.04     47.76296    151.04      47.76296    -155.31     -146.77     28.4402     66.55668    146.77      155.31      66.55668    28.4402     -158.43     -151.04     -143.64     22.61076    47.76296    72.68824    143.64      151.04      158.43      72.68824    47.76296    22.61076    1.54951     eq25        5.20287     -151.0374   4.26908     -5.20288    151.03741   4.26907
