FS          d_cm        ini_bin     bin         D(0)        p1d1sx      D(p1d1sx)   p1d1dx      D(p1d1dx)   p1d2sx      p2d2sx      D(p1d2sx)   D(p2d2sx)   p1d2dx      p2d2dx      D(p1d2dx)   D(p2d2dx)   p1d3sx      p2d3sx      p3d3sx      D(p1d3sx)   D(p2d3sx)   D(p3d3sx)   p1d3dx      p2d3dx      p3d3dx      D(p1d3dx)   D(p2d3dx)   D(p3d3dx)   D(IP-25)    off25       params
04X04       2.0         0.5         0.01        452.38      -20.04      225.1656    20.04       225.1656    -23.09      -16.99      78.6568     370.4228    16.99       23.09       370.4228    78.6568     -25.32      -20.04      -14.75      30.97972    225.1656    418.0       14.75       20.04       25.32       418.0       225.1656    30.97972    0.38021     eq25        55.53874    -20.03828   3.05114     -55.53874   20.03828    3.05114
04X04       5.5         0.5         0.01        432.77      -20.67      218.1844    20.67       218.1844    -23.96      -17.38      79.68984    356.4056    17.38       23.96       356.4056    79.68984    -26.36      -20.67      -14.97      33.58264    218.1844    402.6462    14.97       20.67       26.36       402.6462    218.1844    33.58264    0.61779     eq25        48.98908    -20.66688   3.28977     -48.98908   20.66688    3.28977
04X04       10.0        0.5         0.01        314.98      -21.69      160.8078    21.69       160.8078    -25.08      -18.3       61.52612    258.672     18.3        25.08       258.672     61.52612    -27.57      -21.69      -15.82      28.8667     160.8078    291.102     15.82       21.69       27.57       291.102     160.8078    28.8667     0.73858     eq25        33.8273     -21.69418   3.39075     -33.8273    21.69418    3.39076
04X04       15.0        0.5         0.01        222.13      -22.83      114.1962    22.83       114.1962    -26.33      -19.33      44.95494    182.2252    19.33       26.33       182.2252    44.95494    -28.89      -22.83      -16.77      22.60236    114.1962    205.112     16.77       22.83       28.89       205.112     114.1962    22.60236    0.70752     eq25        22.83168    -22.82831   3.49887     -22.83168   22.82831    3.49887
04X04       20.0        0.5         0.01        158.72      -23.95      82.2465     23.95       82.2465     -27.55      -20.35      33.1025     130.463     20.35       27.55       130.463     33.1025     -30.19      -23.95      -17.72      17.36292    82.2465     146.4568    17.72       23.95       30.19       146.4568    82.2465     17.36292    0.61411     eq25        15.72599    -23.95344   3.60144     -15.72599   23.95344    3.60144
04X04       25.0        0.5         0.01        115.02      -25.09      59.77596    25.09       59.77596    -28.79      -21.4       24.48852    94.3452     21.4        28.79       94.3452     24.48852    -31.49      -25.09      -18.69      13.18656    59.77596    105.734     18.69       25.09       31.49       105.734     59.77596    13.18656    0.50608     eq25        10.9892     -25.09237   3.69574     -10.9892    25.09237    3.69574
04X04       28.5        0.5         0.01        93.434      -25.84      48.5778     25.84       48.5778     -29.62      -22.07      19.96216    76.42926    22.07       29.62       76.42926    19.96216    -32.38      -25.84      -19.3       10.89872    48.5778     85.65       19.3        25.84       32.38       85.65       48.5778     10.89872    0.43631     eq25        8.70052     -25.84249   3.77611     -8.70052    25.84249    3.77611
07X07       2.0         0.5         0.01        464.65      -31.94      226.1056    31.94       226.1056    -35.05      -28.84      81.0751     367.7072    28.84       35.05       367.7072    81.0751     -37.32      -31.94      -26.56      34.67868    226.1056    414.85      26.56       31.94       37.32       414.85      226.1056    34.67868    0.5682      lt25        53.69996    -31.94353   3.10565     -53.69997   31.94353    3.10565
07X07       5.5         0.5         0.01        445.24      -32.99      218.5036    32.99       218.5036    -36.33      -29.64      83.37826    351.9792    29.64       36.33       351.9792    83.37826    -38.78      -32.99      -27.19      39.37316    218.5036    396.0464    27.19       32.99       38.78       396.0464    218.5036    39.37316    1.01139     eq25        46.70469    -32.98607   3.34406     -46.70469   32.98607    3.34406
07X07       10.0        0.5         0.01        329.63      -34.62      164.0064    34.62       164.0064    -38.09      -31.14      67.32304    259.9676    31.14       38.09       259.9676    67.32304    -40.63      -34.62      -28.6       35.9718     164.0064    291.2       28.6        34.62       40.63       291.2       164.0064    35.9718     1.0513      lt25        32.23859    -34.6161    3.4735      -32.23861   34.6161     3.4735
07X07       15.0        0.5         0.01        236.65      -36.43      119.2488    36.43       119.2488    -40.02      -32.84      51.30924    186.2924    32.84       40.02       186.2924    51.30924    -42.64      -36.43      -30.22      29.5102     119.2488    207.7844    30.22       36.43       42.64       207.7844    119.2488    29.5102     1.18522     eq25        21.86666    -36.4297    3.58562     -21.86666   36.4297     3.58562
07X07       20.0        0.5         0.01        172.71      -38.23      88.00714    38.23       88.00714    -41.94      -34.53      39.06056    136.0452    34.53       41.94       136.0452    39.06056    -44.65      -38.23      -31.82      23.5114     88.00714    151.6848    31.82       38.23       44.65       151.6848    88.00714    23.5114     1.05846     eq25        15.21475    -38.233     3.70408     -15.21475   38.233      3.70408
07X07       25.0        0.5         0.01        125.04      -40.04      64.01472    40.04       64.01472    -43.87      -36.22      29.01726    98.12268    36.22       43.87       98.12268    29.01726    -46.66      -40.04      -33.42      18.00516    64.01472    109.52      33.42       40.04       46.66       109.52      64.01472    18.00516    0.90968     lt25        10.52309    -40.04097   3.82426     -10.52309   40.04097    3.82426
07X07       28.5        0.5         0.01        102.46      -41.25      52.9945     41.25       52.9945     -45.13      -37.38      24.627      80.56052    37.38       45.13       80.56052    24.627      -47.96      -41.25      -34.54      15.80188    52.9945     89.51016    34.54       41.25       47.96       89.51016    52.9945     15.80188    0.88562     lt25        8.37925     -41.25192   3.87538     -8.37925    41.25192    3.87539
10X10       2.0         0.5         0.01        478.66      -47.77      221.5226    47.77       221.5226    -50.9       -44.64      82.6022     357.5684    44.64       50.9        357.5684    82.6022     -53.19      -47.77      -42.35      38.08026    221.5226    402.51      42.35       47.77       53.19       402.51      221.5226    38.08026    0.95785     eq25        51.09771    -47.76965   3.12702     -51.09771   47.76965    3.12702
10X10       5.5         0.5         0.01        457.79      -49.42      213.95      49.42       213.95      -52.79      -46.05      86.00616    340.768     46.05       52.79       340.768     86.00616    -55.26      -49.42      -43.58      44.3384     213.95      381.9884    43.58       49.42       55.26       381.9884    213.95      44.3384     1.45008     eq25        43.91752    -49.41943   3.37025     -43.91753   49.41943    3.37025
10X10       10.0        0.5         0.01        348.39      -51.87      165.6246    51.87       165.6246    -55.37      -48.37      72.13456    257.3364    48.37       55.37       257.3364    72.13456    -57.94      -51.87      -45.8       42.45792    165.6246    287.148     45.8        51.87       57.94       287.148     165.6246    42.45792    1.7231      eq25        30.70584    -51.8694    3.50299     -30.70585   51.8694     3.50299
10X10       15.0        0.5         0.01        253.72      -54.58      122.382     54.58       122.382     -58.21      -50.96      56.73466    186.8024    50.96       58.21       186.8024    56.73466    -60.86      -54.58      -48.3       35.90344    122.382     207.402     48.3        54.58       60.86       207.402     122.382     35.90344    1.7093      eq25        20.82992    -54.58266   3.62459     -20.82992   54.58266    3.62459
10X10       20.0        0.5         0.01        185.86      -57.3       90.2198     57.3        90.2198     -61.04      -53.55      43.58416    135.919     53.55       61.04       135.919     43.58416    -63.78      -57.3       -50.82      29.00996    90.2198     150.5696    50.82       57.3        63.78       150.5696    90.2198     29.00996    1.1276      lt25        14.33966    -57.29573   3.74113     -14.33965   57.29573    3.74113
10X10       25.0        0.5         0.01        137.29      -59.99      67.37054    59.99       67.37054    -63.85      -56.13      33.4648     100.33714   56.13       63.85       100.33714   33.4648     -66.67      -59.99      -53.31      22.90174    67.37054    111.0218    53.31       59.99       66.67       111.0218    67.37054    22.90174    1.26938     eq25        10.08025    -59.98941   3.85811     -10.08024   59.98941    3.85812
10X10       28.5        0.5         0.01        111.88      -61.78      55.01676    61.78       55.01676    -65.71      -57.86      27.71772    81.57816    57.86       65.71       81.57816    27.71772    -68.58      -61.78      -54.98      19.13504    55.01676    90.16984    54.98       61.78       68.58       90.16984    55.01676    19.13504    1.09463     eq25        7.98552     -61.78136   3.92551     -7.98553    61.78137    3.9255
15X15       2.0         0.5         0.01        487.26      -71.85      206.123     71.85       206.123     -74.96      -68.74      80.68488    329.308     68.74       74.96       329.308     80.68488    -77.23      -71.85      -66.46      40.52292    206.123     369.8476    66.46       71.85       77.23       369.8476    206.123     40.52292    1.31993     eq25        46.45661    -71.84667   3.10989     -46.45664   71.84668    3.10989
15X15       5.5         0.5         0.01        474.31      -74.3       203.086     74.3        203.086     -77.68      -70.91      86.10456    319.5684    70.91       77.68       319.5684    86.10456    -80.15      -74.3       -68.44      48.1947     203.086     357.3008    68.44       74.3        80.15       357.3008    203.086     48.1947     1.90798     eq25        40.05827    -74.29516   3.3828      -40.05831   74.29516    3.38279
15X15       10.0        0.5         0.01        365.14      -77.96      159.6532    77.96       159.6532    -81.49      -74.44      73.84786    242.6172    74.44       81.49       242.6172    73.84786    -84.08      -77.96      -71.85      46.84612    159.6532    269.773     71.85       77.96       84.08       269.773     159.6532    46.84612    2.2235      eq25        27.79821    -77.96477   3.52801     -27.79823   77.96478    3.52801
15X15       15.0        0.5         0.01        270.34      -82.02      119.6128    82.02       119.6128    -85.68      -78.37      59.69228    178.3982    78.37       85.68       178.3982    59.69228    -88.36      -82.02      -75.69      40.9756     119.6128    197.0298    75.69       82.02       88.36       197.0298    119.6128    40.9756     2.19612     eq25        18.84809    -82.02381   3.65716     -18.84808   82.0238     3.65716
15X15       20.0        0.5         0.01        199.97      -86.07      89.62076    86.07       89.62076    -89.87      -82.27      46.76004    131.476     82.27       89.87       131.476     46.76004    -92.65      -86.07      -79.49      33.4815     89.62076    144.936     79.49       86.07       92.65       144.936     89.62076    33.4815     1.4127      lt25        12.93137    -86.06683   3.79992     -12.93139   86.06684    3.79991
15X15       25.0        0.5         0.01        149.47      -90.14      67.45808    90.14       67.45808    -94.03      -86.25      36.31942    97.6045     86.25       94.03       97.6045     36.31942    -96.89      -90.14      -83.39      26.92374    67.45808    107.3156    83.39       90.14       96.89       107.3156    67.45808    26.92374    1.3267      lt25        9.12373     -90.13981   3.89458     -9.12373    90.13981    3.89458
15X15       28.5        0.5         0.01        121.38      -92.94      54.7754     92.94       54.7754     -96.89      -88.99      30.2159     79.32108    88.99       96.89       79.32108    30.2159     -99.78      -92.94      -86.1       22.8618     54.7754     87.1326     86.1        92.94       99.78       87.1326     54.7754     22.8618     1.40556     eq25        7.19421     -92.93726   3.94919     -7.1942     92.93726    3.9492
20X20       2.0         0.5         0.01        483.99      -95.97      186.9082    95.97       186.9082    -99.08      -92.87      76.33172    296.3458    92.87       99.08       296.3458    76.33172    -101.35     -95.97      -90.6       40.7046     186.9082    331.928     90.6        95.97       101.35      331.928     186.9082    40.7046     1.52897     eq25        41.15994    -95.97449   3.10224     -41.15991   95.97449    3.10224
20X20       5.5         0.5         0.01        480.99      -99.39      187.8564    99.39       187.8564    -102.74     -96.04      83.34216    291.7084    96.04       102.74      291.7084    83.34216    -105.2      -99.39      -93.58      49.5606     187.8564    325.308     93.58       99.39       105.2       325.308     187.8564    49.5606     2.20403     eq25        36.08229    -99.39006   3.35448     -36.08229   99.39006    3.35448
20X20       10.0        0.5         0.01        373.43      -104.3      148.394     104.3       148.394     -107.81     -100.79     72.05576    223.0806    100.79      107.81      223.0806    72.05576    -110.38     -104.3      -98.23      48.29384    148.394     247.065     98.23       104.3       110.38      247.065     148.394     48.29384    2.48214     eq25        24.96846    -104.30391  3.50928     -24.9685    104.30392   3.50927
20X20       15.0        0.5         0.01        280.02      -109.72     113.0288    109.72      113.0288    -113.38     -106.05     59.26772    166.089     106.05      113.38      166.089     59.26772    -116.06     -109.72     -103.37     42.40844    113.0288    182.9906    103.37      109.72      116.06      182.9906    113.0288    42.40844    2.44305     eq25        16.91526    -109.71559  -3.66134    -16.91524   109.71559   -3.66135
20X20       20.0        0.5         0.01        208.82      -115.18     85.27172    115.18      85.27172    -118.99     -111.37     46.63356    122.6882    111.37      118.99      122.6882    46.63356    -121.78     -115.18     -108.59     35.04344    85.27172    134.8246    108.59      115.18      121.78      134.8246    85.27172    35.04344    2.16964     eq25        11.56216    -115.18053  -3.80769    -11.56216   115.18053   -3.80769
20X20       25.0        0.5         0.01        156.45      -120.61     64.40242    120.61      64.40242    -124.54     -116.68     36.76108    91.41924    116.68      124.54      91.41924    36.76108    -127.42     -120.61     -113.8      28.24696    64.40242    100.0858    113.8       120.61      127.42      100.0858    64.40242    28.24696    1.7675      lt25        8.08133     -120.61102  -3.93015    -8.0813     120.61101   -3.93018
20X20       28.5        0.5         0.01        128.23      -124.23     52.82952    124.23      52.82952    -128.24     -120.21     30.49332    74.60562    120.21      128.24      74.60562    30.49332    -131.18     -124.23     -117.27     23.7334     52.82952    81.55334    117.27      124.23      131.18      81.55334    52.82952    23.7334     1.6183      lt25        6.37872     -124.22926  4.01572     -6.37872    124.22926   4.01572
24X24       2.0         /
24X24       5.5         0.5         0.01        486.64      -120.3      176.616     120.3       176.616     -123.65     -116.95     80.3253     270.9       116.95      123.65      270.9       80.3253     -126.1      -120.3      -114.49     49.35       176.616     302.2274    114.49      120.3       126.1       302.2274    176.616     49.35       1.7045      lt25        33.05921    -120.29786  -3.35061    -33.05916   120.29785   -3.35062
24X24       10.0        0.5         0.01        379.93      -126.22     139.7696    126.22      139.7696    -129.7      -122.73     70.4848     208.4782    122.73      129.7       208.4782    70.4848     -132.25     -126.22     -120.18     48.4245     139.7696    230.3348    120.18      126.22      132.25      230.3348    139.7696    48.4245     2.62483     eq25        22.98234    -126.21815  -3.48343    -22.98235   126.21815   -3.48343
24X24       15.0        0.5         0.01        286.98      -132.79     107.176     132.79      107.176     -136.46     -129.12     57.90764    155.7056    129.12      136.46      155.7056    57.90764    -139.14     -132.79     -126.44     42.62008    107.176     171.1816    126.44      132.79      139.14      171.1816    107.176     42.62008    2.54702     eq25        15.46327    -132.7891   3.66737     -15.46326   132.7891    3.66738
24X24       20.0        0.5         0.01        214.97      -139.43     81.2303     139.43      81.2303     -143.25     -135.62     46.012      115.6416    135.62      143.25      115.6416    46.012      -146.04     -139.43     -132.83     35.22808    81.2303     126.6554    132.83      139.43      146.04      126.6554    81.2303     35.22808    2.5045      lt25        10.58347    -139.4324   3.81348     -10.5835    139.4324    3.81346
24X24       25.0        0.5         0.01        161.62      -146.03     61.44044    146.03      61.44044    -149.94     -142.11     36.2104     86.19704    142.11      149.94      86.19704    36.2104     -152.81     -146.03     -139.24     28.41254    61.44044    94.16536    139.24      146.03      152.81      94.16536    61.44044    28.41254    1.89342     eq25        7.42626     -146.02649  3.91761     -7.42627    146.02649   3.9176
24X24       28.5        0.5         0.01        132.53      -150.33     50.59838    150.33      50.59838    -154.37     -146.28     30.14016    70.63348    146.28      154.37      70.63348    30.14016    -157.34     -150.33     -143.32     23.73608    50.59838    76.92404    143.32      150.33      157.34      76.92404    50.59838    23.73608    1.64058     eq25        5.80708     -150.32681  4.04812     -5.80707    150.32681   4.04814
