deriv_1, deriv_2, dose_1, dose_2, dose_0, second_deriv_1, second_deriv_2, second_dose_1, second_dose_2

depth                                                                           10X10                                                                           15X15                                                                           20X20                                                                           24X24                                                                           4X4                                                                             7X7                                                                             
2.0                                                                             4.725, 4.775, 138.498, 138.498, 283.203, 5.15, 4.5, 34.827, 199.753             7.175, 7.225, 119.127, 119.127, 288.823, 7.55, 6.95, 37.242, 175.95             9.625, 9.675, 106.792, 106.792, 290.837, 10.05, 9.35, 30.633, 167.623           11.625, 11.675, 102.908, 102.908, 294.077, 12.05, 11.35, 31.051, 158.107        1.925, 1.975, 143.973, 143.973, 271.517, 2.35, 1.65, 29.866, 224.067            3.175, 3.225, 132.663, 132.663, 277.747, 3.55, 2.9, 34.931, 213.323             
5.5                                                                             4.975, 5.025, 102.207, 102.207, 236.393, 5.3, 4.75, 40.543, 151.72              7.425, 7.475, 108.48, 108.48, 242.863, 7.85, 7.2, 37.188, 150.573               9.975, 10.025, 98.557, 98.557, 247.487, 10.4, 9.75, 35.84, 136.47               12.075, 12.125, 91.225, 91.225, 250.107, 12.5, 11.8, 34.428, 132.417            2.025, 2.075, 110.568, 110.568, 216.913, 2.4, 1.75, 32.058, 173.277             3.325, 3.375, 104.675, 104.675, 228.487, 3.7, 3.05, 32.558, 167.867             
10.0                                                                            5.175, 5.225, 87.207, 87.207, 180.96, 5.6, 4.9, 31.832, 127.06                  7.775, 7.825, 87.757, 87.757, 188.913, 8.25, 7.6, 32.502, 111.013               10.475, 10.525, 77.245, 77.245, 193.907, 10.9, 10.1, 33.233, 116.743            12.575, 12.625, 83.757, 83.757, 196.947, 13.05, 12.35, 34.927, 105.407          2.075, 2.125, 91.447, 91.447, 160.357, 2.45, 1.75, 32.071, 137.793              3.475, 3.525, 82.542, 82.542, 171.307, 3.9, 3.2, 26.467, 126.3                  
15.0                                                                            5.525, 5.575, 68.36, 68.36, 150.007, 5.9, 5.2, 31.291, 104.067                  8.275, 8.325, 73.052, 73.052, 161.943, 8.8, 8.05, 29.268, 95.8                  11.075, 11.125, 69.1, 69.1, 166.713, 11.5, 10.85, 34.236, 89.15                 13.425, 13.475, 63.562, 63.562, 170.72, 13.85, 13.1, 32.375, 88.803             2.225, 2.275, 71.75, 71.75, 130.84, 2.65, 2.0, 23.495, 100.123                  3.625, 3.675, 75.05, 75.05, 141.98, 4.05, 3.4, 28.283, 102.233                  
20.0                                                                            5.775, 5.825, 52.031, 52.031, 108.59, 6.2, 5.45, 23.442, 76.053                 8.725, 8.775, 51.442, 51.442, 119.61, 9.2, 8.45, 24.285, 70.803                 11.675, 11.725, 48.689, 48.689, 124.49, 12.05, 11.25, 27.741, 72.693            14.125, 14.175, 45.267, 45.267, 126.633, 14.55, 13.85, 25.139, 61.006           2.425, 2.475, 43.493, 43.493, 93.677, 2.75, 2.15, 18.517, 68.017                3.825, 3.875, 52.648, 52.648, 101.807, 4.25, 3.5, 21.041, 78.22                 
25.0                                                                            6.075, 6.125, 36.945, 36.945, 79.81, 6.45, 5.7, 19.041, 56.311                  9.025, 9.075, 44.096, 44.096, 88.413, 9.55, 8.8, 20.679, 54.313                 12.225, 12.275, 36.455, 36.455, 92.543, 12.65, 12.0, 20.654, 46.501             /                                                                               2.475, 2.525, 35.477, 35.477, 67.39, 2.9, 2.15, 12.765, 54.058                  4.075, 4.125, 34.322, 34.322, 73.88, 4.5, 3.85, 14.235, 48.305                  
28.5                                                                            6.225, 6.275, 31.451, 31.451, 64.754, 6.6, 5.9, 16.665, 44.834                  9.375, 9.425, 32.717, 32.717, 72.183, 9.8, 9.0, 17.825, 45.995                  12.575, 12.625, 30.476, 30.476, 75.853, 13.05, 12.2, 16.803, 42.528             15.225, 15.275, 28.493, 28.493, 77.757, 15.65, 14.85, 17.092, 39.575            2.575, 2.625, 27.425, 27.425, 54.581, 3.0, 2.05, 10.014, 48.144                 4.175, 4.225, 29.124, 29.124, 59.936, 4.6, 3.85, 12.431, 44.018                 
