deriv_1, deriv_2, dose_1, dose_2, dose_0, second_deriv_1, second_deriv_2, second_dose_1, second_dose_2

depth                                                                           10X10                                                                           15X15                                                                           20X20                                                                           24X24                                                                           4X4                                                                             7X7                                                                             
2.0                                                                             4.725, 4.775, 145.337, 145.337, 293.13, 5.15, 4.5, 38.403, 206.857              7.125, 7.175, 136.323, 136.323, 299.327, 7.5, 6.9, 46.099, 191.59               /                                                                               /                                                                               1.975, 2.025, 141.225, 141.225, 281.633, 2.35, 1.7, 37.805, 223.88              3.175, 3.225, 139.797, 139.797, 287.82, 3.6, 2.9, 33.106, 219.71                
5.5                                                                             4.925, 4.975, 130.233, 130.233, 266.597, 5.35, 4.65, 42.402, 190.697            7.475, 7.525, 109.678, 109.678, 274.313, 7.9, 7.25, 37.485, 158.463             9.975, 10.025, 115.853, 115.853, 305.36, 10.35, 9.6, 47.531, 186.2              12.025, 12.075, 115.058, 115.058, 307.15, 12.45, 11.8, 44.743, 156.56           2.025, 2.075, 133.722, 133.722, 248.413, 2.4, 1.7, 44.327, 207.433              3.325, 3.375, 120.725, 120.725, 258.747, 3.7, 3.0, 40.727, 197.95               
10.0                                                                            5.175, 5.225, 99.508, 99.508, 203.31, 5.65, 4.9, 33.825, 142.29                 7.825, 7.875, 89.963, 89.963, 212.817, 8.2, 7.55, 40.629, 130.373               10.425, 10.475, 98.528, 98.528, 237.983, 10.9, 10.25, 39.622, 124.1             12.625, 12.675, 90.408, 90.408, 240.163, 13.1, 12.45, 38.068, 113.837           2.175, 2.225, 89.975, 89.975, 182.337, 2.5, 1.85, 36.592, 145.317               3.475, 3.525, 94.47, 94.47, 193.94, 3.8, 3.25, 42.01, 134.247                   
15.0                                                                            5.525, 5.575, 70.22, 70.22, 161.63, 5.85, 5.2, 35.77, 109.097                   8.175, 8.225, 80.273, 80.273, 171.88, 8.6, 8.0, 37.455, 99.37                   11.025, 11.075, 69.669, 69.669, 178.403, 11.4, 10.7, 36.878, 100.37             13.325, 13.375, 65.603, 65.603, 180.63, 13.7, 13.05, 35.887, 89.873             2.275, 2.325, 72.157, 72.157, 140.9, 2.7, 1.95, 24.085, 112.157                 3.675, 3.725, 72.221, 72.221, 151.143, 4.1, 3.45, 27.445, 101.673               
20.0                                                                            5.775, 5.825, 54.269, 54.269, 117.95, 6.1, 5.5, 29.535, 77.17                   8.625, 8.675, 56.718, 56.718, 127.083, 9.1, 8.35, 26.428, 76.857                11.575, 11.625, 52.711, 52.711, 133.473, 11.85, 11.25, 34.625, 73.823           14.025, 14.075, 47.478, 47.478, 135.73, 14.35, 13.65, 29.809, 69.62             2.375, 2.425, 53.302, 53.302, 100.8, 2.8, 2.05, 19.207, 80.58                   3.875, 3.925, 51.043, 51.043, 108.977, 4.3, 3.65, 20.74, 71.493                 
25.0                                                                            6.025, 6.075, 42.091, 42.091, 87.027, 6.35, 5.85, 24.017, 52.666                8.975, 9.025, 45.654, 45.654, 94.437, 9.5, 8.75, 21.282, 56.906                 12.125, 12.175, 39.711, 39.711, 99.593, 12.55, 11.95, 22.317, 48.345            14.625, 14.675, 38.868, 38.868, 101.737, 15.05, 14.3, 22.633, 51.931            2.475, 2.525, 39.627, 39.627, 72.97, 2.9, 2.15, 15.192, 58.42                   3.975, 4.025, 43.05, 43.05, 79.26, 4.4, 3.65, 18.97, 60.919                     
28.5                                                                            6.175, 6.225, 35.807, 35.807, 70.853, 6.65, 5.95, 16.483, 46.135                9.375, 9.425, 31.871, 31.871, 77.36, 9.8, 9.05, 17.453, 45.494                  12.525, 12.575, 31.379, 31.379, 81.803, 12.9, 12.35, 19.196, 38.28              15.025, 15.075, 33.793, 33.793, 83.517, 15.4, 14.8, 21.356, 40.985              2.625, 2.675, 28.249, 28.249, 59.145, 2.95, 2.35, 13.531, 42.228                4.125, 4.175, 33.418, 33.418, 64.466, 4.6, 3.9, 13.677, 44.442                  
