pos_d1_1, pos_d1_2, dose_d1_1, dose_d2_2, pos_d2_1, pos_d2_2, pos_d3_1, pos_d3_2, pos_d3_3, pos_d3_4, dose_0

depth                                                                                                                                                 20X20                                                                                                                                                 
2.0                                                                                                                                                   483.98333333333335, -9.575, 9.575, 195.915, 195.915, -9.91, -9.31, 75.874, 290.53, -10.03, -9.9, 52.249, 78.369, -9.3, -9.33, 293.2, 284.783          
5.5                                                                                                                                                   480.99, -9.875, 9.875, 210.475, 210.475, -10.4, -9.65, 60.992, 281.41, -10.43, -10.4, 57.55, 60.992, -9.65, -9.68, 281.41, 273.517                    
10.0                                                                                                                                                  373.43, -10.425, 10.425, 149.655, 149.655, -10.81, -10.05, 67.825, 227.283, -10.83, -10.8, 65.33, 69.18, -10.05, -10.08, 227.283, 222.933             
15.0                                                                                                                                                  280.02, -10.985, 10.985, 110.825, 110.825, -11.31, -10.67, 62.181, 159.057, -11.33, -11.3, 60.1, 63.283, -10.65, -10.68, 161.423, 157.843             
20.0                                                                                                                                                  208.82000000000002, -11.475, 11.475, 90.346, 90.346, -11.92, -11.17, 45.321, 120.407, -11.93, -11.9, 44.702, 46.604, -11.15, -11.18, 121.847, 119.663 
25.0                                                                                                                                                  156.45, -12.075, 12.065, 63.243, 64.071, -12.36, -11.76, 41.814, 86.711, -12.38, -12.35, 40.655, 42.423, -11.75, -11.78, 87.296, 85.484               
28.5                                                                                                                                                  128.23, -12.375, 12.375, 55.941, 55.941, -12.85, -12.1, 29.524, 71.535, -12.88, -12.85, 28.593, 29.524, -12.1, -12.13, 71.535, 70.108                 
