FS          d_cm        ini_bin     bin         D(0)        p1d1sx      D(p1d1sx)   p1d1dx      D(p1d1dx)   p1d2sx      p2d2sx      D(p1d2sx)   D(p2d2sx)   p1d2dx      p2d2dx      D(p1d2dx)   D(p2d2dx)   p1d3sx      p2d3sx      p3d3sx      D(p1d3sx)   D(p2d3sx)   D(p3d3sx)   p1d3dx      p2d3dx      p3d3dx      D(p1d3dx)   D(p2d3dx)   D(p3d3dx)   D(IP-25)    off25       chissx      chisdx      params
4X4         2.0         0.5         0.1         426.97      -20.0       209.68      20.0        209.68      -23.05      -17.05      72.0691     345.641     17.05       23.05       345.641     72.0691     -25.2       -20.2       -14.7       29.6998     199.336     395.414     14.7        20.2        25.2        395.414     199.336     29.6998     0.36542     eq25        0.05045     -21.86581   0.96341     13.23296    30.42829    -0.05106    21.86578    0.96339     12.91793    31.17032    12.9429     -12.38593
4X4         5.5         0.5         0.1         376.59      -20.7       188.72      20.7        188.72      -23.95      -17.55      68.87       306.441     17.55       23.95       306.441     68.87       -26.4       -20.9       -15.1       30.315      180.18      348.664     15.1        20.9        26.2        348.664     180.18      32.023      0.55506     eq25        0.05323     -22.6318    0.90833     15.00163    23.27301    -0.05449    22.63181    0.90834     14.31239    24.39377    8.34563     -8.06467
4X4         10.0        0.5         0.1         276.25      -21.8       137.738     21.8        137.738     -25.05      -18.45      54.6521     225.014     18.45       25.05       225.014     54.6521     -27.4       -21.9       -16.0       27.5822     134.834     254.47      16.0        21.9        27.4        254.47      134.834     27.5822     0.65753     eq25        0.05951     -23.76979   0.94073     18.20155    13.78855    -0.05218    23.76957    0.94059     23.67046    10.60274    5.80456     -6.16863
4X4         15.0        0.5         0.1         209.64      -21.1       144.57      23.0        105.03      -29.85      -10.25      19.3711     206.5       19.55       26.45       170.126     42.1799     -31.4       -10.3       -10.2       15.8908     206.458     206.542     16.9        23.2        28.9        193.08      100.9212    22.6414     0.73375     eq25        1.18172     -29.89526   -16735.80843            -1727.39016 155.90229   -0.03246    25.16883    1.01818     93.18676    2.02511     1259.03269  -5.10184
4X4         20.0        0.5         0.1         149.87      -24.1       76.2572     24.1        76.2572     -27.75      -20.55      30.742      121.641     20.55       27.75       121.641     30.742      -30.2       -24.3       -17.8       17.2498     73.3536     137.744     17.8        24.3        30.2        137.744     73.3536     17.2498     0.59776     eq25        0.09607     -26.4101    1.03369     16.13139    8.28579     -0.08672    26.41001    1.03363     19.7978     6.75129     5.07218     -4.9048
4X4         25.0        0.5         0.1         108.45      -25.3       54.5666     25.3        54.5666     -28.95      -21.65      22.9279     87.3582     21.65       28.95       87.3582     22.9279     -31.5       -25.5       -18.8       13.236      52.517      99.3986     18.8        25.5        31.5        99.3986     52.517      13.236      0.46967     eq25        0.11266     -27.7309    1.11742     18.11611    5.28928     -0.10451    27.73087    1.11741     21.05119    4.55181     5.38437     -5.90822
4X4         28.5        0.5         0.1         87.956      -26.0       44.832      26.0        44.832      -29.75      -22.25      18.787      71.0905     22.25       29.75       71.0905     18.787      -32.4       -26.2       -19.4       10.8448     43.124      80.4408     19.4        26.2        32.4        80.4408     43.124      10.8448     0.42697     eq25        0.15865     -28.49472   1.0978      11.59429    6.66774     -0.11373    28.4948     1.09785     22.56412    3.42616     4.48165     -4.58008
7X7         2.0         0.5         0.1         437.22      -32.1       205.288     32.1        205.288     -35.15      -29.05      73.8603     341.198     29.05       35.15       341.198     73.8603     -37.3       -32.3       -26.7       33.2104     195.244     389.508     26.7        32.3        37.3        389.508     195.244     33.2104     0.60948     eq25        0.02404     -34.14803   1.13953     67.44476    5.85825     -0.04061    34.14793    1.13945     23.64041    16.71317    11.97896    -11.80429
7X7         5.5         0.5         0.1         391.75      -33.3       185.73      33.3        185.73      -36.55      -30.05      71.4422     303.737     30.05       36.55       303.737     71.4422     -38.8       -33.5       -27.5       37.1638     177.51      346.72      27.5        33.5        38.8        346.72      177.51      37.1638     0.87444     lt25        0.05304     -35.54039   1.19756     18.69345    18.38231    -0.04161    35.5404     1.19756     30.37837    11.31157    9.42054     -9.54685
7X7         10.0        0.5         0.1         292.06      -34.9       141.924     34.9        141.924     -38.35      -31.55      58.0191     226.002     31.55       38.35       226.002     58.0191     -40.6       -35.2       -28.9       34.0154     133.268     256.822     28.9        35.2        40.6        256.822     133.268     34.0154     1.1368      lt25        0.06834     -37.31019   1.23505     17.11928    14.49617    -0.04934    37.3102     1.23506     32.84229    7.55622     6.49198     -6.41882
7X7         15.0        0.5         0.1         225.17      -42.3       31.6546     36.8        110.006     -57.25      -27.55      13.3355     206.722     33.25       40.35       174.23      48.1813     -57.3       -57.2       -25.1       13.2918     13.3792     211.004     30.5        37.1        42.8        197.19      103.7982    29.2934     1.0931      lt25        1.92359     -27.53708   29345.83112 -2585.86369 213.6003    -0.07647    39.30309    1.22747     20.13409    9.30849     633573771.96109         -5.27035
7X7         20.0        0.5         0.1         162.65      -44.4       24.3968     38.6        80.7106     -63.25      -28.45      10.056      150.057     34.95       42.25       125.917     36.5075     -63.3       -63.2       -25.8       10.056      10.056      152.766     32.1        38.9        44.8        142.18      76.2514     23.2598     1.0056      lt25        2.34666     -28.43492   34678.49509 -3259.96499 144.01203   -0.08879    41.2292     1.25905     22.63706    5.88715     1872.27488  -5.76643
7X7         25.0        0.5         0.1         118.05      -40.5       58.15       40.5        58.15       -44.25      -36.75      27.1075     90.723      36.75       44.25       90.723      27.1075     -46.8       -40.8       -33.7       17.8386     55.2646     103.096     33.7        40.8        46.8        103.096     55.2646     17.8386     0.87444     lt25        0.1012      -43.23927   1.3242      26.68437    3.57445     -0.08917    43.23929    1.32421     34.3679     2.77533     4.60353     -4.48735
7X7         28.5        0.5         0.1         96.188      -43.3       35.5022     41.7        47.832      -61.75      -31.15      8.3072      88.318      37.85       45.55       74.2399     22.5164     -61.8       -61.7       -29.2       8.3072      8.3072      89.63       34.8        42.1        48.2        83.8586     44.684      14.953      0.83072     lt25        2.17966     -31.15543   47331.16242 -6568.07972 42.75767    -0.09162    44.54566    1.35572     42.84064    1.80307     903.20236   -4.81069
10X10       2.0         0.5         0.1         447.29      -47.9       201.102     47.9        201.102     -51.05      -44.85      73.0423     328.448     44.85       51.05       328.448     73.0423     -53.1       -48.2       -42.5       36.767      186.876     374.83      42.5        48.2        53.1        374.83      186.876     36.767      0.90353     eq25        0.05204     -50.12776   1.25675     16.35933    23.02195    -0.04801    50.12772    1.25672     19.22519    19.5901     16.50151    -15.34825
10X10       5.5         0.5         0.1         403.46      -49.8       180.346     49.8        180.346     -53.05      -46.45      73.6683     294.178     46.45       53.05       294.178     73.6683     -55.3       -50.1       -43.9       41.6872     168.804     334.124     43.9        50.1        55.3        334.124     168.804     41.6872     1.31502     eq25        0.0579      -52.1729    1.32543     18.08451    18.07372    -0.05331    52.17292    1.32545     21.33397    15.32086    11.94121    -11.77456
10X10       10.0        0.5         0.1         307.74      -52.3       139.108     52.3        139.108     -55.65      -48.85      62.5758     221.72      48.85       55.65       221.72      62.5758     -58.0       -52.6       -46.1       39.362      131.056     252.004     46.1        52.6        58.0        252.004     131.056     39.362      1.53868     eq25        0.06113     -54.83378   1.41742     25.29964    9.43029     -0.06651    54.8337     1.41735     21.37263    11.16294    7.90366     -7.81881
10X10       15.0        0.5         0.1         240.19      -55.1       111.282     55.1        111.282     -58.75      -51.55      51.8855     171.979     51.55       58.75       171.979     51.8855     -61.2       -55.5       -48.6       35.0674     103.77      195.374     48.6        55.5        61.2        195.374     103.77      35.0674     1.6102      eq25        0.06341     -57.91532   1.48932     36.06155    4.99467     -0.06304    57.91533    1.48932     36.4861     4.93656     6.27029     -6.19633
10X10       20.0        0.5         0.1         174.89      -57.9       80.9598     57.9        80.9598     -61.55      -54.15      40.3452     125.239     54.15       61.55       125.239     40.3452     -64.1       -58.3       -51.1       28.3586     75.592      141.522     51.1        58.3        64.1        141.522     75.592      28.3586     1.4313      eq25        0.09504     -60.70905   1.48425     24.02715    5.31495     -0.07716    60.70893    1.48415     36.44789    3.50371     6.31628     -6.75695
10X10       25.0        0.5         0.1         129.27      -70.2       18.1602     60.6        60.742      -93.45      -48.15      10.288      111.688     56.75       64.45       92.142      30.6843     -87.3       -51.8       -44.6       11.63       107.53      114.42      53.5        61.1        67.0        104.67      55.9114     22.365      1.0288      lt25        2.65318     -48.18428   42390.96355 -7478.943   59.53329    -0.06391    63.59846    1.53521     80.74187    1.14756     1522.86606  -5.00442
10X10       28.5        0.5         0.1         105.11      -72.7       15.0292     62.4        49.4706     -94.95      -49.65      8.9458      90.6659     58.45       66.35       74.9207     25.2718     -86.8       -53.4       -45.9       10.4668     87.3114     93.036      55.2        62.9        69.0        84.6274     45.8918     18.339      0.89458     lt25        2.96524     -49.64091   46827.3678  -8539.75884 48.3937     -0.08757    65.49641    1.56259     55.75938    1.33712     1167.30265  -4.12854
15X15       2.0         0.5         0.1         456.09      -81.2       23.3518     80.6        24.4466     -107.75     -59.85      9.5779      374.723     60.35       103.25      373.491     10.49       -107.8      -107.7      -56.2       9.5779      9.5779      383.206     56.9        103.2       103.3       381.932     10.49       10.49       0.91218     lt25        1.26559     -59.87307   20546.06854 -4926.95289 143.78066   -1.34455    60.34258    20675.89599 -3929.9     182.44403   9969.02611  -9048.08595
15X15       5.5         0.5         0.1         416.41      -74.8       169.302     83.0        33.751      -78.05      -71.45      73.3852     272.465     61.75       108.75      338.19      13.683      -80.3       -75.1       -68.8       44.6058     158.904     309.96      58.1        108.7       108.8       346.356     13.683      13.683      1.3227      lt25        0.05281     -77.24882   1.41872     25.22822    11.76725    -1.41875    61.74065    22994.53773 -4787.18586 148.36917   10.12908    -7363.86371
15X15       10.0        0.5         0.1         322.46      -78.5       133.18      78.5        133.18      -81.95      -75.05      62.7578     207.609     75.05       81.95       207.609     62.7578     -84.2       -78.9       -72.2       43.1462     123.324     235.614     72.2        78.9        84.2        235.614     123.324     43.1462     2.0068      eq25        0.05507     -81.15672   1.52393     36.68178    5.91077     -0.06129    81.15674    1.52395     29.61745    7.32064     9.03851     -9.00358
15X15       15.0        0.5         0.1         256.78      -82.8       107.908     82.8        107.908     -86.45      -79.05      54.7767     165.427     79.05       86.45       165.427     54.7767     -88.9       -83.2       -76.0       39.68       100.9756    186.54      76.0        83.2        88.9        186.54      100.9756    39.68       2.098       eq25        0.05978     -85.6501    1.55524     47.53719    3.4797      -0.06343    85.65014    1.55527     42.22708    3.91735     8.37907     -7.53347
15X15       20.0        0.5         0.1         189.73      -86.9       81.0018     86.9        81.0018     -90.65      -83.05      43.2831     121.415     83.05       90.65       121.415     43.2831     -93.2       -87.4       -79.9       32.7474     75.0728     136.644     79.9        87.4        93.2        136.644     75.0728     32.7474     1.87        eq25        0.06223     -89.93307   1.64281     68.57954    1.71843     -0.07516    89.93301    1.64277     47.01323    2.50669     7.3457      -7.48411
15X15       25.0        0.5         0.1         140.93      -91.0       60.66       91.0        60.66       -94.95      -87.05      33.1117     89.5763     87.05       94.95       89.5763     33.1117     -97.5       -91.5       -83.7       25.997      56.555      100.886     83.7        91.5        97.5        100.886     56.555      25.997      1.5507      eq25        0.07592     -94.14439   1.6624      68.93822    1.23501     -0.06279    94.14436    1.66237     100.77629   0.84484     7.67975     -7.84902
15X15       28.5        0.5         0.1         114.93      -112.0      15.507      93.7        50.2612     -126.45     -77.95      11.858      89.85       89.65       97.65       73.6587     28.1865     -118.5      -83.5       -72.4       13.683      85.745      93.042      86.4        94.2        100.3       82.1872     46.8864     21.8008     1.1858      lt25        3.0508      -77.93311   49078.36314 -13758.95171            42.10781    -0.07253    96.8695     1.61304     94.11508    0.72675     1085.9913   -5.82913
20X20       2.0         0.5         0.1         460.1       -96.3       170.608     105.2       25.858      -99.35      -93.25      70.4876     274.91      81.65       137.75      344.794     10.582      -101.5      -96.5       -90.8       39.108      162.88      313.882     77.7        137.7       137.8       352.992     10.582      10.582      1.0122      lt25        0.02707     -98.43221   1.22549     72.81887    4.18176     -1.43904    81.67997    21648.86185 -5690.96143 111.60075   15.8452     -10873.70335
20X20       5.5         0.5         0.1         436.17      -100.0      162.42      149.9       11.963      -103.25     -96.65      73.846      257.703     60.85       149.85      366.516     11.963      -105.5      -100.3      -94.0       46.93       153.03      292.16      -0.1        78.2        149.9       436.17      335.502     11.963      2.0244      eq25        0.05709     -102.40444  1.34974     22.78753    12.02245    -3.33497    60.86909    23680.36039 -6717.06372 334.77228   8.98904     -24423.34527
20X20       10.0        0.5         0.1         340.01      -104.9      129.75      149.4       15.183      -108.35     -101.45     64.6443     198.024     67.15       149.35      279.924     15.183      -110.7      -105.3      -98.6       45.55       120.826     223.518     -0.1        84.4        149.4       340.01      255.084     15.183      2.2637      eq25        0.06374     -107.54805  1.45232     28.96885    6.89857     -3.70019    67.10558    27945.47109 -7899.87452 272.87328   8.2321      -46937.95957
20X20       15.0        0.5         0.1         265.48      -110.7      101.7724    110.7       101.7724    -114.35     -106.95     54.7523     153.21      106.95      114.35      153.21      54.7523     -116.8      -111.1      -103.9      41.225      95.6086     172.356     103.9       111.1       116.8       172.356     95.6086     41.225      2.3281      eq25        0.0686      -113.53252  1.52959     40.38075    3.66566     -0.0589     113.53246   1.52953     54.7742     2.70238     6.23767     -7.07596
20X20       20.0        0.5         0.1         198.3       -116.1      78.0328     116.1       78.0328     -119.95     -112.25     43.5711     113.875     112.25      119.95      113.875     43.5711     -122.6      -116.6      -109.1      33.863      72.6038     127.174     109.1       116.6       122.6       127.174     72.6038     33.863      1.8404      lt25        0.0659      -119.17221  1.56148     67.69044    1.5602      -0.07297    119.17223   1.5615      55.20289    1.91315     5.86518     -5.69059
20X20       25.0        0.5         0.1         148.15      -121.6      58.6168     121.6       58.6168     -125.55     -117.55     34.323      84.888      117.55      125.55      84.888      34.323      -128.3      -122.1      -114.3      27.054      54.9358     94.2284     114.3       122.1       128.3       94.2284     54.9358     27.054      1.7484      eq25        0.10018     -124.71779  1.54708     43.1783     1.76016     -0.05593    124.71783   1.54711     138.5569    0.54852     6.13814     -5.79435
20X20       28.5        0.5         0.1         121.47      -125.3      47.7584     125.3       47.7584     -129.35     -121.15     28.158      69.245      121.15      129.35      69.245      28.158      -132.1      -125.8      -117.7      22.821      44.8134     77.113      117.7       125.8       132.1       77.113      44.8134     22.821      1.5643      lt25        0.08388     -128.474    1.58334     81.21855    0.75745     -0.08072    128.47399   1.58333     87.71379    0.70134     11.08323    -10.70215
24X24       2.0         0.5         0.1         465.0       -170.0      9.7579      169.9       9.75586     -169.95     -0.05       9.75688     464.998     55.55       169.85      398.432     9.75484     -27.1       -0.1        0.0         445.0       464.996     465.0       26.6        84.5        169.9       445.716     348.02      9.75586     0.97579     lt25        3.55009     -55.99822   22091.42358 -10375.8324 300.02777   -4.25667    55.5591     22648.46169 -7474.58108 425.23668   188.58959   -15394.54149
24X24       5.5         0.5         0.1         440.35      1.5         439.89      -160.0      16.275      -0.05       -159.95     440.35      16.275      2.35        0.65        439.89      440.35      0.1         1.5         0.1         440.35      439.89      440.35      1.5         2.9         23.2        439.89      439.89      426.216     42.594      eq25        1           1           1           1           1           1           1           1           1           1           0           9.014923260710082e+113
24X24       10.0        0.5         0.1         345.03      -138.1      34.317      138.6       33.852      -159.45     -114.35     20.46       223.338     114.05      159.35      223.614     20.46       -154.6      -118.3      -110.3      22.32       215.202     229.898     109.9       118.2       159.4       230.366     215.388     20.46       2.046       lt25        1.38195     -114.31568  29563.13886 -10486.82346            65.92964    -1.63565    114.0454    29400.0664  -7787.14553 89.82709    3447.21646  -3684.39144
24X24       15.0        0.5         0.1         271.1       -133.7      98.118      133.7       98.118      -137.45     -129.95     53.8935     144.099     129.95      137.45      144.099     53.8935     -140.0      -134.2      -126.9      40.92       91.14       160.802     126.9       134.2       140.0       160.802     91.14       40.92       2.418       eq25        0.06857     -136.62057  1.47467     44.17669    3.06169     -0.11007    136.62058   1.47467     17.14387    7.88953     8.36061     -8.09167
24X24       20.0        0.5         0.1         202.74      -140.4      73.563      140.4       73.563      -144.25     -136.55     42.78       106.164     136.55      144.25      106.164     42.78       -146.9      -140.9      -133.3      33.666      68.82       118.67      133.3       140.9       146.9       118.67      68.82       33.666      2.418       lt25        0.0701      -143.47943  1.58865     67.06737    1.43357     -0.07396    143.47918   1.58844     60.2378     1.59611     8.07542     -8.00924
24X24       25.0        /
24X24       28.5        0.5         0.1         124.62      -179.5      14.88       151.5       45.57       -0.15       -0.05       124.62      124.62      147.25      155.65      65.1        27.4815     -58.3       -0.1        0.0         112.07      124.62      124.62      143.8       152.0       158.4       72.261      42.78       22.506      1.488       lt25        8.02933     -102.18757  56087.67003 -22782.93901            180.75803   -0.12565    154.7855    1.64425     42.11748    1.33301     1339.42006  -13.68843
