FS          d_cm        ini_bin     bin         D(0)        p1d1sx      D(p1d1sx)   p1d1dx      D(p1d1dx)   p1d2sx      p2d2sx      D(p1d2sx)   D(p2d2sx)   p1d2dx      p2d2dx      D(p1d2dx)   D(p2d2dx)   p1d3sx      p2d3sx      p3d3sx      D(p1d3sx)   D(p2d3sx)   D(p3d3sx)   p1d3dx      p2d3dx      p3d3dx      D(p1d3dx)   D(p2d3dx)   D(p3d3dx)   D(IP-25)    off25       chissx      chisdx      params
4X4         2.0         0.5         0.1         407.3       -18.9       246.122     19.8        200.686     -24.05      -13.75      39.0038     386.58      16.85       22.75       333.048     70.434      -25.0       -13.8       -13.7       27.253      386.218     386.942     14.6        19.9        24.9        378.656     195.578     28.377      0.35141     eq25        0.39873     -24.06069   -7036.62546 -923.19491  319.55257   -0.05127    21.4806     0.8623      12.12236    31.76335    532.59519   -15.08034
4X4         5.5         0.5         0.1         325.41      -20.6       161.996     20.6        161.996     -23.65      -17.55      60.7505     264.959     17.55       23.65       264.959     60.7505     -25.8       -20.7       -15.2       29.1214     158.132     301.102     15.2        20.7        25.8        301.102     158.132     29.1214     0.42789     lt25        0.05258     -22.357     0.88822     16.03143    18.71231    -0.03973    22.35684    0.88812     28.07731    10.6842     13.73643    -13.62637
4X4         10.0        0.5         0.1         240.53      -21.6       120.724     21.6        120.724     -24.75      -18.45      48.106      196.399     18.45       24.75       196.399     48.106      -27.0       -21.7       -16.0       25.208      118.108     222.08      16.0        21.7        27.0        222.08      118.108     25.208      0.52957     lt25        0.05853     -23.30256   0.81893     18.42423    11.80309    -0.04226    23.30259    0.81895     35.34073    6.15333     13.68811    -13.50103
4X4         15.0        0.5         0.1         196.26      -22.9       99.4596     22.9        99.4596     -26.25      -19.45      40.906      161.438     19.45       26.25       161.438     40.906      -28.7       -23.0       -16.9       22.1392     97.412      181.404     16.9        23.0        28.7        181.404     97.412      22.1392     0.64221     eq25        0.07856     -24.76795   0.84531     14.86084    11.85923    -0.07252    24.76793    0.8453      17.43903    10.10589    8.02003     -7.8684
4X4         20.0        0.5         0.1         140.52      -24.1       70.8914     24.1        70.8914     -27.55      -20.55      29.2398     113.986     20.55       27.55       113.986     29.2398     -30.0       -24.3       -17.9       16.654      68.0942     128.796     17.9        24.3        30.0        128.796     68.0942     16.654      0.55604     eq25        0.09278     -26.35055   1.07286     18.03827    6.89347     -0.09614    26.35052    1.07284     16.79861    7.40214     5.83376     -6.07165
4X4         25.0        0.5         0.1         101.09      -22.8       73.3508     25.1        52.243      -31.85      -11.25      11.5827     99.394      21.55       28.75       82.4509     21.8215     -33.4       -11.3       -11.2       9.6378      99.3752     99.4128     18.8        25.3        31.3        92.9772     50.299      12.5836     0.4866      eq25        2.16952     -31.88845   -42597.21158            -2706.90891 116.33695   -0.10196    27.20705    0.86838     19.9944     4.44562     585.42175   -3.13146
4X4         28.5        0.5         0.1         81.875      -25.9       41.9298     25.9        41.9298     -29.55      -22.25      17.7561     66.2305     22.25       29.55       66.2305     17.7561     -32.1       -26.0       -19.5       10.52134    41.145      75.186      19.5        26.0        32.1        75.186      41.145      10.52134    0.3879      eq25        0.11308     -28.05328   0.92856     21.37779    3.34639     -0.11499    28.05328    0.92855     20.67142    3.46074     2.51461     -2.78544
7X7         2.0         0.5         0.1         416.58      -32.0       198.96      32.0        198.96      -35.05      -29.05      69.8064     327.221     29.05       35.05       327.221     69.8064     -37.1       -32.2       -26.7       32.0316     189.256     373.306     26.7        32.2        37.1        373.306     189.256     32.0316     0.57309     eq25        0.04892     -34.01327   1.09926     16.01872    23.57265    -0.03357    34.01325    1.09924     34.0306     11.096      19.02426    -17.55833
7X7         5.5         0.5         0.1         342.79      -33.3       164.494     33.3        164.494     -36.45      -30.25      64.0787     265.0       30.25       36.45       265.0       64.0787     -38.6       -33.6       -27.8       34.2206     153.256     302.296     27.8        33.6        38.6        302.296     153.256     34.2206     0.79942     lt25        0.05443     -35.52497   1.2306      19.05115    15.68362    -0.06256    35.52499    1.23061     14.42267    20.71677    14.27109    -14.62239
7X7         10.0        0.5         0.1         256.96      -35.0       123.81      35.0        123.81      -38.25      -31.75      52.0135     198.42      31.75       38.25       198.42      52.0135     -40.5       -35.2       -29.2       30.727      118.582     225.392     29.2        35.2        40.5        225.392     118.582     30.727      1.0138      eq25        0.06331     -37.30073   1.26917     21.48958    10.09723    -0.07091    37.3007     1.26915     17.13208    12.6654     7.04021     -7.01423
7X7         15.0        0.5         0.1         212.97      -36.9       104.614     36.9        104.614     -40.45      -33.45      45.4481     164.553     33.45       40.45       164.553     45.4481     -42.9       -37.2       -30.7       28.2276     98.758      186.24      30.7        37.2        42.9        186.24      98.758      28.2276     1.08688     eq25        0.07915     -39.37405   1.21582     19.23649    9.15629     -0.07548    39.37415    1.21589     21.15372    8.32642     6.61405     -6.54708
7X7         20.0        0.5         0.1         152.71      -38.8       74.873      38.8        74.873      -42.35      -35.15      34.3873     118.226     35.15       42.35       118.226     34.3873     -44.9       -39.1       -32.3       22.1152     70.8506     133.678     32.3        39.1        44.9        133.678     70.8506     22.1152     0.96391     eq25        0.08656     -41.35893   1.28648     25.06831    4.97457     -0.09037    41.35893    1.28649     23.00052    5.42179     4.0538      -4.14671
7X7         25.0        0.5         0.1         110.82      -40.7       54.3726     40.7        54.3726     -44.35      -36.95      25.4118     85.142      36.95       44.35       85.142      25.4118     -46.8       -41.0       -34.0       17.0464     51.489      96.69       34.0        41.0        46.8        96.69       51.489      17.0464     0.81892     lt25        0.05929     -43.37783   1.37027     81.20911    1.09719     -0.06718    43.37783    1.37027     63.25781    1.40855     3.2281      -3.22196
7X7         28.5        0.5         0.1         89.903      -41.8       45.2036     41.8        45.2036     -45.65      -38.05      20.8124     69.661      38.05       45.65       69.661      20.8124     -48.2       -42.2       -35.0       14.1404     42.1692     78.546      35.0        42.2        48.2        78.546      42.1692     14.1404     0.72276     lt25        0.07093     -44.63557   1.36962     73.75964    0.97966     -0.09007    44.63559    1.36964     45.73836    1.57984     3.01013     -2.96718
10X10       2.0         0.5         0.1         424.81      -56.9       18.9656     47.9        189.63      -76.75      -35.05      7.65265     390.383     44.85       50.95       312.422     70.2962     -76.8       -76.7       -31.4       7.63722     7.66808     397.802     42.4        48.2        53.1        358.224     176.134     34.2812     0.66255     eq25        1.68952     -35.0795    21318.74843 -2728.26101 296.58847   -0.05576    50.12877    1.30801     15.16219    23.72351    63160147.03433          -12.87174
10X10       5.5         0.5         0.1         354.55      -49.9       156.736     49.9        156.736     -53.05      -46.65      64.183      256.325     46.65       53.05       256.325     64.183      -55.2       -50.2       -44.1       37.7776     146.43      292.392     44.1        50.2        55.2        292.392     146.43      37.7776     1.19048     eq25        0.05693     -52.28542   1.47001     21.62656    13.20968    -0.05674    52.28536    1.46995     21.77005    13.12242    14.68596    -13.87101
10X10       10.0        0.5         0.1         271.45      -52.3       123.52      52.3        123.52      -55.65      -48.95      54.9799     195.508     48.95       55.65       195.508     54.9799     -57.9       -52.7       -46.3       35.7614     113.928     221.104     46.3        52.7        57.9        221.104     113.928     35.7614     1.39584     eq25        0.07134     -54.8803    1.50178     20.89823    9.99583     -0.06301    54.88029    1.50177     26.78948    7.79765     9.91109     -9.92118
10X10       15.0        0.5         0.1         225.01      -55.4       104.33      55.4        104.33      -59.05      -51.75      48.8721     162.18      51.75       59.05       162.18      48.8721     -61.5       -55.9       -48.8       33.521      95.3612     183.482     48.8        55.9        61.5        183.482     95.3612     33.521      1.55462     eq25        0.07848     -58.27562   1.56711     26.21853    6.45126     -0.07434    58.27561    1.56709     29.22009    5.78861     6.63327     -6.81604
10X10       20.0        0.5         0.1         162.89      -58.2       75.5568     58.2        75.5568     -61.85      -54.45      37.6903     116.612     54.45       61.85       116.612     37.6903     -64.3       -58.7       -51.3       26.9556     69.3756     132.192     51.3        58.7        64.3        132.192     69.3756     26.9556     1.0052      lt25        0.0878      -61.10592   1.6113      31.85918    3.73402     -0.05979    61.10592    1.6113      68.70013    1.73162     5.59127     -5.60446
10X10       25.0        0.5         0.1         119.72      -60.9       56.2822     60.9        56.2822     -64.75      -57.05      28.562      85.5908     57.05       64.75       85.5908     28.562      -67.3       -61.4       -53.8       20.9532     51.9622     96.8324     53.8        61.4        67.3        96.8324     51.9622     20.9532     1.14088     eq25        0.05942     -63.93968   1.61962     103.95975   0.82555     -0.0786     63.93976    1.61969     59.41231    1.44453     4.33666     -4.24584
10X10       28.5        0.5         0.1         97.136      -62.7       45.7402     62.7        45.7402     -66.55      -58.85      23.8301     69.0833     58.85       66.55       69.0833     23.8301     -69.2       -63.2       -55.5       17.4432     42.302      78.349      55.5        63.2        69.2        78.349      42.302      17.4432     0.81847     lt25        0.04241     -65.81132   1.65135     263.90413   0.26098     -0.04298    65.81128    1.65133     256.91403   0.26808     3.10732     -3.04094
15X15       2.0         0.5         0.1         433.32      -85.3       17.808      85.6        17.5552     -110.25     -56.05      8.7774      366.293     56.75       115.75      364.91      7.85995     -110.3      -110.2      -51.0       8.76756     8.78724     376.57      51.8        115.7       115.8       374.788     7.86998     7.84992     0.87676     eq25        2.43734     -56.01985   21339.05923 -2352.79525 345.18927   -1.92478    56.73713    21175.64045 -3711.42614 211.99412   35274934.54543          -11887.53236
15X15       5.5         0.5         0.1         364.39      -75.0       147.2       93.6        19.0086     -78.15      -71.75      65.1719     236.685     56.95       119.85      306.914     9.56314     -80.4       -75.3       -69.1       40.4038     138.086     269.596     50.8        63.2        119.9       317.226     293.438     9.56346     1.5543      eq25        0.05866     -77.43512   1.4866      23.38025    11.00994    -2.29032    56.98715    24139.17493 -4622.98482 198.72691   17.02928    -8595.0345
15X15       10.0        0.5         0.1         283.39      -78.7       116.492     78.7        116.492     -82.05      -75.35      56.1016     180.623     75.35       82.05       180.623     56.1016     -84.3       -79.2       -72.5       38.993      105.8468    205.83      72.5        79.2        84.3        205.83      105.8468    38.993      1.786       eq25        0.05549     -81.38937   1.63908     42.19043    4.47363     -0.06901    81.38925    1.63896     27.2746     6.92011     7.80103     -7.8826
15X15       15.0        0.5         0.1         242.91      -83.5       101.36      83.5        101.36      -87.15      -79.75      51.8062     155.52      79.75       87.15       155.52      51.8062     -89.6       -84.0       -76.6       38.057      93.233      176.058     76.6        84.0        89.6        176.058     93.233      38.057      2.0056      eq25        0.05811     -86.44291   1.70642     57.02687    2.73908     -0.07259    86.4429     1.70641     36.54237    4.27453     7.17701     -7.16899
15X15       20.0        0.5         0.1         179.42      -87.6       76.0398     87.6        76.0398     -91.35      -83.75      40.9302     114.225     83.75       91.35       114.225     40.9302     -93.9       -88.2       -80.5       31.1646     69.2542     128.71      80.5        88.2        93.9        128.71      69.2542     31.1646     1.78664     eq25        0.06836     -90.69939   1.76867     63.70784    1.74042     -0.08061    90.69939    1.76867     45.81318    2.42022     6.54764     -6.57575
15X15       25.0        0.5         0.1         132.62      -91.7       56.7896     91.7        56.7896     -95.55      -87.75      31.8445     84.1535     87.75       95.55       84.1535     31.8445     -98.1       -92.3       -84.3       24.8942     52.1162     94.7202     84.3        92.3        98.1        94.7202     52.1162     24.8942     1.49908     eq25        0.06467     -94.86331   1.74214     104.51765   0.76069     -0.05853    94.86331    1.74214     127.60874   0.62304     4.74394     -4.75516
15X15       28.5        0.5         0.1         108.28      -94.4       46.57       94.4        46.57       -98.35      -90.35      26.4094     68.622      90.35       98.35       68.622      26.4094     -101.0      -95.0       -86.8       20.781      42.854      77.1448     86.8        95.0        101.0       77.1448     42.854      20.781      1.29048     eq25        0.04156     -97.70422   1.79553     337.00335   0.19062     -0.08401    97.70414    1.79545     82.46323    0.77899     3.9295      -3.90751
24X24       2.0         0.5         0.1         441.11      -170.0      9.3918      169.9       9.4037      -169.95     -0.05       9.39775     441.111     55.55       169.85      379.428     9.40965     -27.2       -0.1        0.0         423.844     441.112     441.11      26.8        84.3        169.9       424.312     330.48      9.4037      0.93918     lt25        4.26397     -55.91951   23287.56089 -7933.90934 391.19928   -4.3518     55.57144    23291.37358 -7676.8299  402.2348    144.29213   -14439.68407
24X24       5.5         0.5         0.1         375.16      -121.3      129.388     121.3       129.388     -124.45     -118.05     61.711      202.093     118.05      124.45      202.093     61.711      -126.7      -121.6      -115.5      40.855      121.988     227.8       115.5       121.6       126.7       227.8       121.988     40.855      1.8885      eq25        0.05494     -123.63836  1.33969     30.32395    6.89846     -0.05613    123.63831   1.33965     29.0457     7.202       7.43237     -7.52275
24X24       10.0        0.5         0.1         295.42      -160.5      17.555      160.4       17.5758     -0.15       -0.05       295.42      295.42      81.45       0.05        230.829     295.42      -56.9       -0.1        0.0         258.232     295.42      295.42      55.6        108.5       160.4       259.61      198.8       17.5758     1.7555      lt25        3.91623     -82.92354   31857.87034 -13300.25991            253.98801   -4.33413    81.42846    31854.9362  -11435.71567            302.05442   3563.02852  -4456.77991
24X24       15.0        0.5         0.1         256.08      -134.8      91.2976     182.9       15.2582     -138.45     -131.15     50.5869     134.075     66.95       182.85      217.502     15.2693     -140.9      -135.3      0.0         39.2312     84.6438     256.08      -0.1        101.8       182.9       256.08      183.684     15.2582     2.32062     eq25        0.05603     -137.70115  1.60313     71.71199    1.75555     -5.7146     66.94914    36232.27663 -15220.44647            210.35602   4.105961023889058e+206  -4470.15319
24X24       20.0        0.5         0.1         189.95      -141.4      68.8178     141.4       68.8178     -145.25     -137.55     39.914      99.2653     137.55      145.25      99.2653     39.914      -147.8      -141.9      -134.4      31.9504     64.2392     110.552     134.4       141.9       147.8       110.552     64.2392     31.9504     1.5614      lt25        0.04611     -144.44594  1.60167     164.22775   0.54193     -0.06157    144.44587   1.6016      92.0933     0.96639     3.78858     -4.04593
24X24       25.0        /
24X24       28.5        0.5         0.1         116.64      -152.5      42.731      152.5       42.731      -156.55     -148.45     26.1092     60.3853     148.45      156.55      60.3853     26.1092     -159.3      -153.1      -145.0      21.589      39.7816     66.803      145.0       153.1       159.3       66.803      39.7816     21.589      1.4667      eq25        0.08682     -155.8064   1.68223     93.5175     0.55145     -0.06959    155.80632   1.68216     145.54617   0.35432     3.90039     -3.87256
20X20       2.0         0.5         0.1         436.21      -150.0      8.1158      149.9       8.14236     -149.95     -56.65      8.12908     372.522     55.95       149.85      373.688     8.15564     -149.9      -73.9       0.0         8.14236     342.518     436.21      -0.1        73.6        149.9       436.228     343.082     8.14236     0.81158     lt25        3.4298      -56.60806   22886.95718 -6236.80292 343.23368   -3.60074    55.9581     22308.1369  -5652.54607 371.88275   17823.44224 -17255.87285
20X20       5.5         0.5         0.1         371.23      -150.0      10.593      149.9       10.6008     -149.95     -60.05      10.5969     314.252     59.45       149.85      315.082     10.6047     -149.9      -78.0       0.0         10.6008     286.21      371.23      -0.1        77.6        149.9       371.23      286.874     10.6008     1.0593      lt25        3.62281     -60.08288   25487.083   -7386.9095  289.66081   -3.56782    59.45675    25477.82997 -7796.14661 275.87305   13391.42542 -12754.8968
20X20       10.0        0.5         0.1         290.86      -150.0      13.204      149.9       13.1844     -149.95     -65.15      13.1942     242.611     64.35       149.85      243.455     13.1746     -149.9      -83.7       0.0         13.1844     219.082     290.86      -0.1        83.2        149.9       290.86      219.77      13.1844     1.3204      lt25        3.97773     -65.14263   30522.86024 -9412.64707 228.25309   -3.32358    64.3465     26826.71127 -12214.61986            155.86037   9456.58955  -8644.49804
20X20       15.0        0.5         0.1         250.07      -111.5      96.459      111.5       96.459      -115.15     -107.75     52.1809     144.175     107.75      115.15      144.175     52.1809     -117.7      -112.0      -104.7      39.1498     89.293      161.114     104.7       112.0       117.7       161.114     89.293      39.1498     2.2291      eq25        0.09013     -114.4081   1.56299     25.35355    5.43359     -0.05948    114.40813   1.56301     58.22331    2.36606     8.16646     -8.06706
20X20       20.0        0.5         0.1         186.74      -117.0      73.027      117.0       73.027      -120.85     -113.15     41.0756     106.692     113.15      120.85      106.692     41.0756     -123.4      -117.5      -110.0      32.4252     68.052      119.13      110.0       117.5       123.4       119.13      68.052      32.4252     1.9798      eq25        0.06441     -120.06891  1.63029     77.06677    1.27588     -0.05864    120.06908   1.63046     92.97596    1.05758     4.54207     -4.64849
20X20       25.0        0.5         0.1         138.81      -122.5      54.667      122.5       54.667      -126.45     -118.55     32.0378     78.8252     118.55      126.45      78.8252     32.0378     -129.1      -123.0      -115.2      25.7664     51.191      87.983      115.2       123.0       129.1       87.983      51.191      25.7664     1.6545      eq25        0.07772     -125.66867  1.66537     79.93496    0.88169     -0.07921    125.66854   1.66526     76.93837    0.91602     3.99794     -4.03697
20X20       28.5        0.5         0.1         113.78      -126.2      44.6192     126.2       44.6192     -130.15     -122.05     26.7871     64.5071     122.05      130.15      64.5071     26.7871     -132.9      -126.7      -118.6      21.638      41.8816     71.7354     118.6       126.7       132.9       71.7354     41.8816     21.638      1.42032     eq25        0.06916     -129.42159  1.69344     133.30373   0.42693     -0.06538    129.4216    1.69345     149.16139   0.38154     3.03512     -2.98994
