FS          d_cm        ini_bin     bin         D(0)        p1d1sx      D(p1d1sx)   p1d1dx      D(p1d1dx)   p1d2sx      p2d2sx      D(p1d2sx)   D(p2d2sx)   p1d2dx      p2d2dx      D(p1d2dx)   D(p2d2dx)   p1d3sx      p2d3sx      p3d3sx      D(p1d3sx)   D(p2d3sx)   D(p3d3sx)   p1d3dx      p2d3dx      p3d3dx      D(p1d3dx)   D(p2d3dx)   D(p3d3dx)   D(IP-25)    off25       chissx      chisdx      params
4X4         2.0         0.5         0.1         422.5       -20.1       206.76      20.1        206.76      -23.15      -17.05      72.9449     343.172     17.05       23.15       343.172     72.9449     -25.3       -20.3       -14.7       30.2098     196.62      391.246     14.7        20.3        25.3        391.246     196.62      30.2098     0.3803      eq25        0.05165     -21.997     0.97571     13.27144    30.00887    -0.05207    21.99702    0.97572     13.05981    30.49519    22.47913    -22.40217
4X4         5.5         0.5         0.1         372.56      -20.9       183.992     20.9        183.992     -24.15      -17.65      68.8003     301.399     17.65       24.15       301.399     68.8003     -26.5       -21.1       -15.2       31.588      175.732     342.968     15.2        21.1        26.5        342.968     175.732     31.588      0.57952     eq25        0.06802     -22.95493   1.00577     10.22795    33.65382    -0.05349    22.95495    1.00578     16.53963    20.81121    8.57186     -8.28505
4X4         10.0        0.5         0.1         273.53      -22.0       134.96      22.0        134.96      -25.35      -18.55      53.2244     221.763     18.55       25.35       221.763     53.2244     -27.7       -22.1       -16.0       27.4696     132.066     251.69      16.0        22.1        27.7        251.69      132.066     27.4696     0.67247     eq25        0.06479     -24.13439   1.05008     17.26984    14.37766    -0.05151    24.13424    1.04998     27.32018    9.08846     5.35879     -5.6567
4X4         15.0        0.5         0.1         211.36      -23.1       106.1382    20.8        151.834     -26.65      -19.55      42.7883     171.087     15.25       28.35       200.12      27.1996     -29.2       -23.3       -16.8       22.7198     101.9346    194.16      15.2        15.3        29.6        200.274     199.966     21.242      0.69182     eq25        0.08464     -25.45194   1.09127     14.96211    12.68964    -1.20338    28.34243    -29370.78411            -1461.85199 444.85326   5.80451     -6567872291.56468
4X4         20.0        0.5         0.1         151.2       -21.3       115.402     24.2        77.0446     -29.95      -14.75      19.3027     145.235     20.55       27.95       122.806     31.0513     -31.4       -14.8       -14.7       15.2272     145.17      145.3       17.8        24.4        30.5        138.642     74.1202     17.496      0.6588      eq25        1.80792     -29.95826   -34855.33617            -1395.06571 393.31349   -0.09712    26.62976    1.06677     16.85006    7.98424     331.63159   -3.27998
4X4         25.0        0.5         0.1         109.46      -25.4       55.4008     25.4        55.4008     -29.15      -21.65      23.3535     88.2667     21.65       29.15       88.2667     23.3535     -31.8       -25.7       -18.7       13.2968     52.4136     100.2556    18.7        25.7        31.8        100.2556    52.4136     13.2968     0.49152     eq25        0.11215     -27.97236   1.14001     19.45869    4.97149     -0.11214    27.97238    1.14003     19.46066    4.97099     1.75806     -1.72167
4X4         28.5        0.5         0.1         88.718      -26.2       44.7856     26.2        44.7856     -30.05      -22.35      18.8756     71.3573     22.35       30.05       71.3573     18.8756     -32.8       -26.4       -19.3       10.8006     43.1812     81.2856     19.3        26.4        32.8        81.2856     43.1812     10.8006     0.42189     eq25        0.11804     -28.80294   1.1473      22.80373    3.42903     -0.09948    28.80293    1.14729     32.10945    2.43526     1.69351     -1.7109
7X7         2.0         0.5         0.1         431.75      -32.1       204.874     32.1        204.874     -35.25      -29.05      73.7305     336.465     29.05       35.25       336.465     73.7305     -37.4       -32.3       -26.6       33.3998     195.142     384.382     26.6        32.3        37.4        384.382     195.142     33.3998     0.61704     eq25        0.03967     -34.22601   1.13161     26.0235     14.96147    -0.03979    34.22608    1.13166     25.86892    15.05081    12.32247    -11.72991
7X7         5.5         0.5         0.1         388.12      -36.7       72.737      33.4        185.112     -55.25      -19.35      10.534      372.872     30.05       36.75       302.385     71.5695     -55.3       -55.2       -16.3       10.512      10.556      377.69      27.5        33.6        39.0        343.04      177.078     37.648      0.86706     lt25        1.4637      -19.38766   12381.7803  -1688.01943 233.37192   -0.03997    35.69043    1.18134     34.4554     9.85787     115783029.51385         -8.09857
7X7         10.0        0.5         0.1         290.85      -35.1       138.868     35.1        138.868     -38.45      -31.65      59.7142     223.763     31.65       38.45       223.763     59.7142     -40.9       -35.3       -28.9       33.8614     133.284     255.236     28.9        35.3        40.9        255.236     133.284     33.8614     1.1058      lt25        0.05783     -37.4741    1.2249      25.07044    9.82573     -0.06883    37.47404    1.22486     17.69586    13.92051    7.26177     -7.10336
7X7         15.0        0.5         0.1         226.66      -36.9       110.39      36.9        110.39      -40.55      -33.25      48.3918     175.185     33.25       40.55       175.185     48.3918     -43.0       -37.2       -30.4       29.745      104.2264    198.874     30.4        37.2        43.0        198.874     104.2264    29.745      1.14948     eq25        0.0712      -39.44566   1.2389      24.3833     7.74388     -0.07729    39.44567    1.2389      20.68854    9.12686     5.26678     -4.86263
7X7         20.0        0.5         0.1         163.48      -38.7       80.8256     38.7        80.8256     -42.45      -34.95      36.7102     126.104     34.95       42.45       126.104     36.7102     -45.1       -39.0       -32.0       23.0744     76.565      142.79      32.0        39.0        45.1        142.79      76.565      23.0744     1.00884     eq25        0.08324     -41.43041   1.29049     27.48846    4.86288     -0.08924    41.43038    1.29046     23.91405    5.5897      4.15753     -3.9688
7X7         25.0        0.5         0.1         118.84      -40.6       58.522      40.6        58.522      -44.45      -36.65      27.3262     92.0151     36.65       44.45       92.0151     27.3262     -47.1       -40.9       -33.6       17.8906     55.579      103.67      33.6        40.9        47.1        103.67      55.579      17.8906     0.87452     lt25        0.09195     -43.40152   1.3166      33.86475    2.83664     -0.0884     43.4015     1.31658     36.63594    2.62207     3.35107     -3.15194
7X7         28.5        0.5         0.1         96.716      -41.8       47.8128     41.8        47.8128     -45.75      -37.75      22.5195     74.737      37.75       45.75       74.737      22.5195     -48.5       -42.1       -34.6       14.737      45.5144     84.3212     34.6        42.1        48.5        84.3212     45.5144     14.737      0.77764     lt25        0.10515     -44.69214   1.31669     33.75437    2.30412     -0.10333    44.69213    1.31668     34.95347    2.22508     2.0641      -1.93865
10X10       2.0         0.5         0.1         439.74      -48.0       194.76      48.0        194.76      -51.05      -44.95      73.6796     320.261     44.95       51.05       320.261     73.6796     -53.2       -48.3       -42.5       36.1332     180.924     367.19      42.5        48.3        53.2        367.19      180.924     36.1332     0.90489     eq25        0.0541      -50.21789   1.28195     15.85357    23.28246    -0.05593    50.21781    1.28188     14.83441    24.88186    21.03078    -19.95809
10X10       5.5         0.5         0.1         399.84      -57.0       33.452      49.9        180.278     -76.25      -36.85      12.496      360.203     46.55       53.25       290.897     73.5965     -76.3       -76.2       -33.4       12.4708     12.5212     367.6       43.9        50.2        55.5        331.01      169.05      42.079      1.1193      lt25        1.58234     -36.86293   22066.59314 -2966.27444 258.96593   -0.05821    52.32808    1.3036      18.47131    17.47746    160113387.25827         -11.43923
10X10       10.0        0.5         0.1         304.92      -52.4       138.68      52.4        138.68      -55.85      -48.85      62.28       220.345     48.85       55.85       220.345     62.28       -58.3       -52.8       -46.1       38.8276     128.214     249.222     46.1        52.8        58.3        249.222     128.214     38.8276     1.5295      eq25        0.06225     -55.02062   1.41113     25.63324    9.19816     -0.06083    55.02066    1.41117     26.8427     8.78374     8.00051     -7.77072
10X10       15.0        0.5         0.1         242.57      -55.2       111.088     55.2        111.088     -58.85      -51.45      52.5131     174.343     51.45       58.85       174.343     52.5131     -61.3       -55.6       -48.5       35.5912     103.3996    196.76      48.5        55.6        61.3        196.76      103.3996    35.5912     1.62546     eq25        0.0769      -57.95184   1.439       24.59461    7.36405     -0.06989    57.95184    1.439       29.77543    6.08275     7.28786     -7.27682
10X10       20.0        0.5         0.1         176.92      -57.9       82.7364     57.9        82.7364     -61.75      -54.05      40.428      127.052     54.05       61.75       127.052     40.428      -64.3       -58.3       -51.0       28.4542     77.3752     143.35      51.0        58.3        64.3        143.35      77.3752     28.4542     1.45352     eq25        0.04461     -60.81672   1.465       112.02424   1.15364     -0.06903    60.81679    1.46506     46.78817    2.76216     4.03347     -3.95278
10X10       25.0        0.5         0.1         130.54      -60.7       61.2682     60.7        61.2682     -64.65      -56.75      30.9625     93.1905     56.75       64.65       93.1905     30.9625     -67.3       -61.1       -53.5       22.2956     57.5626     105.56      53.5        61.1        67.3        105.56      57.5626     22.2956     0.97807     lt25        0.08287     -63.74405   1.52338     49.163      1.90602     -0.04627    63.74414    1.52345     157.66515   0.59433     2.73448     -2.72366
10X10       28.5        0.5         0.1         106.3       -62.5       49.988      62.5        49.988      -66.45      -58.45      25.8215     75.9926     58.45       66.45       75.9926     25.8215     -69.2       -62.9       -55.2       18.6792     47.0552     85.6112     55.2        62.9        69.2        85.6112     47.0552     18.6792     1.0483      eq25        0.086       -65.57864   1.4997      58.20804    1.29557     -0.0612     65.57863    1.4997      114.9451    0.65608     2.64407     -2.60837
15X15       2.0         0.5         0.1         449.05      -83.9       19.8284     82.0        22.173      -107.75     -58.85      9.6071      369.981     59.35       105.75      368.834     9.98085     -107.8      -107.7      -54.6       9.59986     9.61434     379.284     55.5        105.7       105.8       377.34      9.99068     9.97102     0.93627     eq25        1.76474     -58.8281    21624.64835 -3231.15633 260.68131   -1.57215    59.39996    21060.99106 -3554.79496 210.86682   14177191.57268          -9609.50629
15X15       5.5         0.5         0.1         411.54      -74.9       167.902     84.6        30.5406     -78.25      -71.55      72.099      268.157     62.55       109.85      330.806     13.2312     -80.5       -75.2       -68.9       44.348      157.752     305.014     58.8        66.3        109.9       340.062     319.938     13.2188     1.70332     eq25        0.05735     -77.41394   1.43045     22.3856     13.04874    -1.47416    62.53149    23146.12444 -4605.01777 162.07181   8.63569     -7004.36485
15X15       10.0        0.5         0.1         319.27      -78.6       132.572     78.6        132.572     -82.05      -75.15      63.3688     205.253     75.15       82.05       205.253     63.3688     -84.4       -79.0       -72.3       42.9476     122.98      232.88      72.3        79.0        84.4        232.88      122.98      42.9476     1.668       lt25        0.06045     -81.27225   1.47841     30.89555    6.91889     -0.06201    81.27224    1.47841     29.35842    7.28113     7.73045     -7.4822
15X15       15.0        0.5         0.1         257.78      -82.7       107.96      82.7        107.96      -86.35      -78.95      55.237      165.333     78.95       86.35       165.333     55.237      -88.8       -83.1       -75.9       39.9634     100.9956    186.752     75.9        83.1        88.8        186.752     100.9956    39.9634     2.09016     eq25        0.06431     -85.52729   1.53036     40.54363    4.07548     -0.04756    85.52731    1.53038     74.12454    2.22915     5.66092     -5.64
15X15       20.0        0.5         0.1         190.6       -86.8       81.477      86.8        81.477      -90.65      -82.95      43.1131     121.942     82.95       90.65       121.942     43.1131     -93.2       -87.3       -79.7       32.5424     75.5292     137.246     79.7        87.3        93.2        137.246     75.5292     32.5424     1.3359      lt25        0.07829     -89.85645   1.62363     43.27039    2.7318      -0.07147    89.8565     1.62367     51.9182     2.27679     4.66466     -4.70539
15X15       25.0        0.5         0.1         141.66      -90.9       61.0648     90.9        61.0648     -94.85      -86.95      33.6138     89.9864     86.95       94.85       89.9864     33.6138     -97.5       -91.4       -83.6       25.857      56.967      101.166     83.6        91.4        97.5        101.166     56.967      25.857      1.56432     eq25        0.05554     -94.08366   1.63868     129.26084   0.66        -0.06475    94.08369    1.6387      95.08122    0.89724     4.66248     -4.55359
15X15       28.5        0.5         0.1         116.04      -93.7       49.8514     93.7        49.8514     -97.65      -89.65      28.0709     73.4091     89.55       97.65       73.8057     28.0709     -100.4      -94.2       -86.2       21.703      46.441      82.5732     86.2        94.2        100.4       82.5732     46.441      21.703      1.1469      lt25        0.07585     -96.90194   1.674       89.9218     0.76735     -0.07016    96.90183    1.67392     105.0878    0.65661     4.38906     -4.07241
24X24       2.0         /
24X24       5.5         0.5         0.1         460.72      -120.9      160.548     184.4       11.25       -124.25     -117.55     74.969      250.184     50.15       184.35      406.051     11.258      -126.6      -121.2      0.0         48.703      151.636     460.72      -0.1        81.7        184.4       460.722     353.038     11.25       2.26244     eq25        0.05408     -123.35495  1.31597     27.25255    9.61039     -4.70925    50.14659    24486.73953 -8426.17043 379.85063   1.201902547832893e+177  7.02222592203789e+175
24X24       10.0        0.5         0.1         360.25      -126.9      127.296     126.9       127.296     -130.45     -123.25     65.1942     194.14      123.25      130.45      194.14      65.1942     -132.9      -127.2      -120.4      46.797      121.128     217.432     120.4       127.2       132.9       217.432     121.128     46.797      2.49168     eq25        0.04495     -129.51059  1.35286     61.75447    3.09114     -0.03844    129.51052   1.35281     84.43999    2.26062     6.18845     -6.16857
24X24       15.0        0.5         0.1         270.95      -183.0      15.487      182.9       15.5046     -182.95     -0.05       15.4958     270.949     65.65       182.85      229.984     15.5134     -31.2       -0.1        0.0         259.468     270.948     270.95      30.7        100.5       182.9       259.714     195.67      15.5046     1.5487      lt25        5.76766     -66.07841   34708.59647 -13592.12223            238.52569   -5.37156    65.62824    35077.56428 -15960.49957            204.03912   245.30777   -4850.29306
24X24       20.0        0.5         0.1         203.58      -140.2      74.1682     140.2       74.1682     -144.15     -136.35     42.5237     106.969     136.35      144.15      106.969     42.5237     -146.7      -140.7      -133.1      33.8826     69.25       119.122     133.1       140.7       146.7       119.122     69.25       33.8826     2.13476     eq25        0.05991     -143.2532   1.53828     89.31326    1.07848     -0.05796    143.25325   1.53832     95.445      1.0092      4.51773     -4.54772
24X24       25.0        0.5         0.1         152.6       -146.9      55.584      146.9       55.584      -150.85     -142.85     33.5594     79.6548     142.85      150.85      79.6548     33.5594     -153.6      -147.4      -139.5      26.995      52.2308     88.619      139.5       147.4       153.6       88.619      52.2308     26.995      1.78776     eq25        0.0608      -150.03071  1.56453     131.11523   0.53117     -0.0629     150.03071   1.56453     122.513     0.56847     3.80308     -3.85796
24X24       28.5        0.5         0.1         125.26      -181.5      14.235      151.4       45.8096     -0.15       -0.05       125.269     125.263     147.25      155.55      65.126      27.7372     -55.1       -0.1        0.0         113.538     125.266     125.26      143.8       152.0       158.2       72.4508     42.595      22.8564     1.4235      lt25        7.6978      -98.70702   56872.75811 -26264.35283            150.12753   -0.06966    154.70937   1.66938     135.47128   0.41595     468.79001   -2.65794
20X20       2.0         /
20X20       5.5         0.5         0.1         458.03      -69.3       368.594     79.7        349.134     -31.25      -31.35      432.745     432.615     34.75       116.35      427.415     26.7612     -138.8      -31.4       -31.3       15.3942     432.55      432.68      34.7        34.8        122.5       427.48      427.35      22.361      30.4092     eq25        3.26438     -128.74807  -23908.10254            -5356.59337 189.1644    -2.03282    116.31598   -23097.94133            -5864.5489  144.77438   15667.42264 -1250565626.46051
20X20       10.0        0.5         0.1         356.9       -182.3      9.10092     183.4       9.02638     -183.45     -0.05       9.03289     356.915     42.75       183.35      325.62      9.01987     -18.5       -0.1        0.0         349.84      356.93      356.9       18.3        67.1        182.2       350.044     293.634     9.11968     0.90394     lt25        3.37096     -42.93884   13123.47471 -9164.54576 107.43372   -6.07235    42.70811    26070.27024 -5643.95033 345.15017   77.19505    -11512.39102
20X20       15.0        0.5         0.1         267.62      -110.6      102.9434    110.6       102.9434    -114.25     -106.85     55.317      154.737     106.85      114.25      154.737     55.317      -116.8      -111.0      -103.8      41.0924     96.557      173.248     103.8       111.0       116.8       173.248     96.557      41.0924     2.3265      eq25        0.07067     -113.41088  1.49151     36.90663    4.03277     -0.03242    113.41086   1.4915      175.33292   0.84887     6.17861     -6.20617
20X20       20.0        0.5         0.1         200.21      -116.1      77.9704     116.1       77.9704     -119.95     -112.25     43.6672     114.305     112.25      119.95      114.305     43.6672     -122.5      -116.6      -109.0      33.855      72.616      128.12      109.0       116.6       122.5       128.12      72.616      33.855      1.0224      lt25        0.06818     -119.16544  1.6138      63.55047    1.67519     -0.0718     119.16543   1.61379     57.29662    1.85803     4.65833     -4.47705
20X20       25.0        0.5         0.1         149.39      -121.6      58.802      121.6       58.802      -125.55     -117.55     34.1774     85.2434     117.55      125.55      85.2434     34.1774     -128.3      -122.1      -114.3      27.0528     54.9622     94.9554     114.3       122.1       128.3       94.9554     54.9622     27.0528     1.74014     eq25        0.09312     -124.7736   1.6082      50.86659    1.51014     -0.06245    124.77358   1.60817     113.09757   0.67919     3.98608     -3.93457
20X20       28.5        0.5         0.1         122.72      -125.3      48.2602     125.3       48.2602     -129.35     -121.15     28.4683     69.7642     121.15      129.35      69.7642     28.4683     -132.0      -125.8      -117.8      23.007      45.2808     77.6394     117.8       125.8       132.0       77.6394     45.2808     23.007      1.4969      eq25        0.04242     -128.48173  1.5987      315.1088    0.19684     -0.07574    128.48179   1.59876     98.84386    0.6275      3.15118     -3.20164
