FS          d_cm        ini_bin     bin         D(0)        p1d1sx      D(p1d1sx)   p1d1dx      D(p1d1dx)   p1d2sx      p2d2sx      D(p1d2sx)   D(p2d2sx)   p1d2dx      p2d2dx      D(p1d2dx)   D(p2d2dx)   p1d3sx      p2d3sx      p3d3sx      D(p1d3sx)   D(p2d3sx)   D(p3d3sx)   p1d3dx      p2d3dx      p3d3dx      D(p1d3dx)   D(p2d3dx)   D(p3d3dx)   D(IP-25)    off25       chissx      chisdx      params
4X4         2.0         0.5         0.1         452.38      -20.2       216.388     20.2        216.388     -23.15      -17.15      76.69       364.514     17.15       23.15       364.514     76.69       -25.3       -20.3       -14.8       31.2028     210.902     417.35      14.8        20.3        25.3        417.35      210.902     31.2028     0.37793     eq25        0.04963     -22.10769   1.05954     13.64897    31.20407    -0.04891    22.10766    1.05952     14.05282    30.30729    9.72683     -9.44037
4X4         5.5         0.5         0.1         432.77      -20.8       211.856     20.8        211.856     -24.05      -17.45      76.9602     354.314     17.45       24.05       354.314     76.9602     -26.3       -20.9       -15.0       34.2022     206.988     402.39      15.0        20.9        26.3        402.39      206.988     34.2022     0.61308     eq25        0.05295     -22.68241   0.91163     13.59301    29.77584    -0.05341    22.68242    0.91164     13.36391    30.28632    12.13026    -12.66801
4X4         10.0        0.5         0.1         314.98      -21.8       157.136     21.8        157.136     -25.15      -18.45      60.0641     255.573     18.45       25.15       255.573     60.0641     -27.5       -22.0       -15.9       29.286      150.46      290.55      15.9        22.0        27.5        290.55      150.46      29.286      0.73635     eq25        0.03455     -23.89795   0.99332     49.71501    5.79645     -0.05244    23.89806    0.99339     21.57468    13.35693    7.58763     -7.70218
4X4         15.0        0.5         0.1         222.13      -23.0       110.31      23.0        110.31      -26.45      -19.55      43.1571     179.174     19.55       26.45       179.174     43.1571     -28.8       -23.2       -16.9       23.0322     105.778     204.54      16.9        23.2        28.8        204.54      105.778     23.0322     0.703       eq25        0.08408     -25.25287   1.09687     13.50945    14.86508    -0.06152    25.25287    1.09687     25.22883    7.95991     4.08445     -4.84729
4X4         20.0        0.5         0.1         158.72      -24.1       79.8644     24.1        79.8644     -27.65      -20.55      32.2515     128.533     20.55       27.65       128.533     32.2515     -30.1       -24.3       -17.8       17.6448     76.7012     146.172     17.8        24.3        30.1        146.172     76.7012     17.6448     0.61093     eq25        0.09374     -26.47423   1.11515     16.39101    8.68794     -0.09505    26.47425    1.11516     15.94063    8.93341     3.71721     -3.63053
4X4         25.0        0.5         0.1         115.02      -25.3       57.4542     25.3        57.4542     -28.85      -21.65      24.1158     92.6293     21.65       28.85       92.6293     24.1158     -31.4       -25.5       -18.8       13.4076     55.243      105.47      18.8        25.5        31.4        105.47      55.243      13.4076     0.50235     eq25        0.10852     -27.72419   1.14734     18.24655    5.59848     -0.09544    27.72414    1.1473      23.58642    4.331       2.93074     -2.96999
4X4         28.5        0.5         0.1         93.434      -26.0       47.173      26.0        47.173      -29.75      -22.35      19.3145     74.8943     22.35       29.75       74.8943     19.3145     -32.3       -26.3       -19.5       11.0432     44.5474     85.236      19.5        26.3        32.3        85.236      44.5474     11.0432     0.43419     eq25        0.11655     -28.63564   1.22436     21.14237    3.90986     -0.11734    28.63568    1.22438     20.8604     3.96273     1.54211     -1.52771
10X10       2.0         0.5         0.1         478.66      -47.9       214.942     47.8        220.004     -51.05      -44.85      77.8265     351.176     44.65       50.85       357.264     84.3368     -53.1       -48.2       -42.5       38.8854     199.772     400.83      42.4        47.8        53.2        401.95      220.004     37.9908     0.95391     eq25        0.03757     -50.08765   1.22317     28.78243    13.98481    -0.04498    47.7759     0.0025      12.06747    33.18991    13.96872    -12.60199
10X10       5.5         0.5         0.1         457.79      -49.6       206.1       49.6        206.1       -52.95      -46.25      81.7668     335.0       46.25       52.95       335.0       81.7668     -55.2       -49.9       -43.7       44.858      192.99      380.786     43.7        49.9        55.2        380.786     192.99      44.858      1.44016     eq25        0.05402     -51.94994   1.25008     17.69466    21.08461    -0.05451    51.9499     1.25005     17.37794    21.46887    11.4411     -11.33376
10X10       10.0        0.5         0.1         348.39      -52.1       158.618     52.1        158.618     -55.55      -48.65      68.671      252.056     48.65       55.55       252.056     68.671      -57.9       -52.4       -45.9       42.7092     149.462     286.524     45.9        52.4        57.9        286.524     149.462     42.7092     1.71038     eq25        0.0613      -54.58628   1.32776     21.16462    12.82322    -0.06076    54.58627    1.32776     21.53915    12.60017    9.50029     -10.08657
10X10       15.0        0.5         0.1         253.72      -54.8       117.74      54.8        117.74      -58.35      -51.25      54.9211     182.91      51.25       58.35       182.91      54.9211     -60.8       -55.2       -48.4       36.1522     109.364     206.956     48.4        55.2        60.8        206.956     109.364     36.1522     1.69856     eq25        0.06278     -57.44595   1.37622     31.44347    6.06305     -0.07248    57.44607    1.37632     23.59079    8.08131     6.18708     -6.17185
10X10       20.0        0.5         0.1         185.86      -57.6       85.866      57.6        85.866      -61.15      -53.85      42.6716     133.393     53.85       61.15       133.393     42.6716     -63.7       -57.9       -51.0       29.2354     81.495      149.99      51.0        57.9        63.7        149.99      81.495      29.2354     1.49888     eq25        0.06541     -60.30254   1.42532     44.36975    3.0556      -0.07759    60.30254    1.42533     31.53874    4.29874     4.30755     -4.25401
10X10       25.0        0.5         0.1         137.29      -60.3       64.1148     60.3        64.1148     -64.05      -56.55      32.2563     97.7775     56.55       64.05       97.7775     32.2563     -66.5       -60.7       -53.5       23.221      59.9724     110.6       53.5        60.7        66.5        110.6       59.9724     23.221      1.25974     eq25        0.07238     -63.13555   1.47181     54.09488    1.8169      -0.07633    63.13537    1.47165     48.62866    2.02114     2.88826     -2.86746
10X10       28.5        0.5         0.1         111.88      -62.1       52.4028     62.1        52.4028     -65.85      -58.25      27.0362     79.736      58.25       65.85       79.736      27.0362     -68.5       -62.5       -55.1       19.256      49.126      89.9432     55.1        62.5        68.5        89.9432     49.126      19.256      0.92636     lt25        0.07873     -64.96663   1.45676     58.43191    1.35604     -0.06667    64.96659    1.45673     81.4669     0.97261     2.98876     -2.87938
7X7         2.0         0.5         0.1         464.65      -32.1       217.49      31.9        228.276     -35.15      -29.05      78.0113     360.942     28.85       35.05       367.398     81.0751     -37.3       -32.3       -26.7       34.8962     206.77      413.1       26.6        31.9        37.3        414.35      228.276     34.8962     0.64234     eq25        0.04135     -34.20465   1.18749     22.04192    19.04279    -0.03394    31.94353    0.0         20.02922    20.87142    10.30637    -9.99804
7X7         5.5         0.5         0.1         445.24      -39.6       33.2746     33.1        213.38      -55.25      -23.65      11.3345     416.462     29.85       36.45       346.053     79.7089     -55.3       -55.2       -20.8       11.3006     11.3684     423.952     27.3        33.4        38.7        394.898     199.4       40.0794     0.80351     lt25        1.22172     -23.60111   11603.75403 -1563.65323 294.1115    -0.0447     35.36038    1.13831     22.83953    17.20864    233735496.16239         -9.27832
7X7         10.0        0.5         0.1         329.63      -34.8       158.196     34.8        158.196     -38.15      -31.35      66.1684     255.734     31.35       38.15       255.734     66.1684     -40.6       -35.0       -28.7       36.144      151.74      290.42      28.7        35.0        40.6        290.42      151.74      36.144      1.20126     eq25        0.05313     -37.12974   1.1767      24.77123    11.3795     -0.03853    37.12976    1.17672     47.10183    5.98454     6.54685     -5.94705
7X7         15.0        0.5         0.1         236.65      -36.6       115.516     36.6        115.516     -40.15      -33.05      49.6663     183.616     33.05       40.15       183.616     49.6663     -42.6       -36.9       -30.3       29.667      108.904     207.346     30.3        36.9        42.6        207.346     108.904     29.667      1.17922     eq25        0.07275     -39.09771   1.23482     20.67176    9.55503     -0.05563    39.09773    1.23483     35.35846    5.5862      5.71885     -5.09908
7X7         20.0        0.5         0.1         172.71      -38.4       85.4092     38.4        85.4092     -42.05      -34.75      38.0499     134.03      34.75       42.05       134.03      38.0499     -44.6       -38.7       -32.0       23.6576     80.823      151.08      32.0        38.7        44.6        151.08      80.823      23.6576     1.0509      lt25        0.07819     -41.01914   1.25834     26.86893    5.2859      -0.08537    41.01909    1.2583      22.53807    6.30161     3.25205     -3.19296
7X7         25.0        0.5         0.1         125.04      -39.9       65.5038     40.3        61.2764     -55.05      -58.75      11.6686     10.359      36.55       44.05       96.0465     27.8663     -60.0       -58.8       -55.1       9.9944      10.3444     11.6462     -55.0       40.6        46.6        11.691      58.1206     18.1296     0.90968     lt25        1.68366     -30.64809   40173.35375 -5878.17265 38.51052    -0.08677    42.9984     1.32672     33.51773    3.02602     724121895818.374        4.771315127527905e+84
7X7         28.5        0.5         0.1         102.46      -45.3       23.862      41.5        50.843      -63.45      -32.55      8.86778     92.616      37.75       45.25       78.613      24.087      -55.9       -34.6       -30.5       10.8298     89.3814     94.292      34.7        41.9        47.9        89.1668     47.4494     15.9142     0.88562     lt25        2.15423     -32.56887   45272.91119 -5800.92882 56.6418     -0.08559    44.31393    1.38293     44.92293    1.82308     740.35106   -2.73891
20X20       2.0         0.5         0.1         483.99      -107.0      24.149      100.4       50.829      -138.75     -82.95      10.657      360.026     82.95       123.25      360.026     14.5015     -138.8      -138.7      -78.9       10.6486     10.6654     368.392     80.0        123.2       123.3       366.21      14.517      14.486      1.2066      eq25        1.4038      -82.94699   21099.2861  -5509.33757 124.65933   -1.24762    82.95065    20980.52574 -4423.81613 127.85151   15294290.47392          -8898.54771
20X20       5.5         0.5         0.1         480.99      -99.6       180.486     98.2        229.778     -102.85     -96.25      80.8984     287.08      66.95       139.75      391.993     15.639      -105.1      -99.8       -93.7       50.2338     173.498     324.3       61.7        139.7       139.8       401.524     15.6486     15.6294     1.3029      lt25        0.04954     -101.89994  1.24237     25.41394    12.00707    -1.98078    66.96556    22648.70068 -5504.92212 121.16108   8.95972     -13442.27135
20X20       10.0        0.5         0.1         373.43      -104.5      143.35      104.5       143.35      -107.95     -101.15     69.8572     217.497     101.15      107.95      217.497     69.8572     -110.3      -104.9      -98.4       48.6884     133.51      246.13      98.4        104.9       110.3       246.13      133.51      48.6884     2.4701      eq25        0.04145     -107.11728  1.41627     59.25194    3.73547     -0.0509     107.11712   1.41613     39.28241    5.63437     6.82113     -7.14995
20X20       15.0        0.5         0.1         280.02      -110.0      108.28      110.0       108.28      -113.55     -106.35     57.5633     163.023     106.35      113.55      163.023     57.5633     -116.0      -110.3      -103.5      42.584      103.2304    182.52      103.5       110.3       116.0       182.52      103.2304    42.584      2.4253      eq25        0.05758     -112.65566  1.42252     47.48549    3.29658     -0.10555    112.6557    1.42255     14.13168    11.07716    4.45595     -4.47322
20X20       20.0        0.5         0.1         208.82      -115.5      81.497      115.5       81.497      -119.15     -111.75     45.6301     120.035     111.75      119.15      120.035     45.6301     -121.6      -115.9      -108.7      35.4578     76.8186     134.488     108.7       115.9       121.6       134.488     76.8186     35.4578     2.1587      eq25        0.05869     -118.36906  1.55815     73.30675    1.51989     -0.06653    118.36906   1.55816     57.04795    1.95306     3.30493     -3.26595
20X20       25.0        0.5         0.1         156.45      -120.9      62.0018     120.9       62.0018     -124.75     -117.05     35.806      89.6902     117.05      124.75      89.6902     35.806      -127.3      -121.4      -113.9      28.4404     57.898      99.9144     113.9       121.4       127.3       99.9144     57.898      28.4404     1.8189      eq25        0.05608     -123.86558  1.52102     117.26228   0.68591     -0.05934    123.86579   1.5212      104.76436   0.76774     2.62819     -2.78679
20X20       28.5        0.5         0.1         128.23      -124.6      50.4342     124.6       50.4342     -128.45     -120.65     29.6886     72.9468     120.65      128.45      72.9468     29.6886     -131.0      -125.0      -117.4      23.98       47.847      81.3898     117.4       125.0       131.0       81.3898     47.847      23.98       1.6183      lt25        0.08528     -127.60466  1.57405     66.96868    0.96919     -0.07762    127.60465   1.57405     80.83681    0.80293     2.59787     -2.84721
15X15       2.0         0.5         0.1         487.26      -86.1       18.895      82.2        23.173      -116.25     -55.75      8.46095     410.195     54.65       106.25      412.869     10.4165     -116.3      -116.2      -50.6       8.45454     8.46736     421.404     49.9        106.2       106.3       422.856     10.429      10.404      0.79292     lt25        1.89635     -55.79446   20013.81688 -3521.01222 240.22682   -2.30486    54.60844    20032.63272 -2256.05879 329.54366   11606639.25297          -14231.75458
15X15       5.5         0.5         0.1         474.31      -97.5       20.128      98.5        19.562      -128.45     -53.35      9.97761     405.445     52.75       113.35      406.585     13.4195     -126.0      -60.9       -45.8       10.431      387.364     420.694     45.0        60.5        113.4       422.39      388.38      13.406      1.1089      eq25        2.3827      -53.34719   21562.61871 -4114.36167 273.48256   -2.39336    52.74713    21789.85191 -4304.36001 270.47525   13686.81383 -13200.69437
15X15       10.0        0.5         0.1         365.14      -78.2       152.886     78.2        152.886     -81.65      -74.75      71.2944     237.21      74.75       81.65       237.21      71.2944     -84.0       -78.6       -72.0       47.261      141.534     268.78      72.0        78.6        84.0        268.78      141.534     47.261      1.243       lt25        0.05835     -80.79794   1.4204      27.04879    9.16034     -0.0633     80.79783    1.4203      22.98802    10.77844    8.58676     -8.43852
15X15       15.0        0.5         0.1         270.34      -82.3       114.332     82.3        114.332     -85.85      -78.75      57.7366     173.98      78.75       85.85       173.98      57.7366     -88.3       -82.7       -75.8       41.212      106.808     196.526     75.8        82.7        88.3        196.526     106.808     41.212      2.18234     eq25        0.05475     -85.01033   1.47177     48.05543    3.62803     -0.06325    85.01034    1.47178     35.99581    4.84352     7.02972     -6.8988
15X15       20.0        0.5         0.1         199.97      -86.4       85.3202     86.4        85.3202     -90.05      -82.65      45.3477     128.536     82.65       90.05       128.536     45.3477     -92.5       -86.8       -79.6       33.819      80.117      144.548     79.6        86.8        92.5        144.548     80.117      33.819      1.94386     eq25        0.05798     -89.20051   1.50413     65.72602    1.89162     -0.06846    89.20051    1.50413     47.13205    2.6379      4.71456     -4.50605
15X15       25.0        0.5         0.1         149.47      -90.5       64.1        90.5        64.1        -94.25      -86.65      35.2445     95.433      86.65       94.25       95.433      35.2445     -96.7       -90.9       -83.5       27.2532     60.3824     107.1       83.5        90.9        96.7        107.1       60.3824     27.2532     1.6379      eq25        0.06164     -93.43815   1.59572     87.55404    1.02835     -0.05812    93.43818    1.59574     98.49701    0.9141      3.41666     -3.43393
15X15       28.5        0.5         0.1         121.38      -93.2       53.0128     93.2        53.0128     -97.05      -89.35      29.5263     77.7133     89.35       97.05       77.7133     29.5263     -99.7       -93.6       -86.2       22.965      50.3806     87.0302     86.2        93.6        99.7        87.0302     50.3806     22.965      1.40018     eq25        0.06135     -96.10349   1.42759     106.11303   0.67639     -0.08195    96.10378    1.42781     59.48814    1.20654     4.44805     -5.38696
24X24       2.0         /
24X24       5.5         0.5         0.1         486.64      1.5         486.38      -160.5      17.045      -0.05       -160.45     486.63      17.0573     2.35        0.65        486.272     486.513     0.1         1.5         0.1         486.62      486.38      486.62      1.5         2.9         23.2        486.38      486.228     470.422     47.005      eq25        1           1           1           1           1           1           1           1           1           1           0           9.770693970734343e+113
24X24       10.0        0.5         0.1         379.93      -137.3      37.6374     137.7       37.185      -159.95     -114.15     21.6472     246.772     113.95      159.85      247.15      21.6976     -156.1      -118.0      -110.3      23.3996     237.95      253.512     109.9       117.9       159.9       254.202     238.212     21.6724     2.1622      lt25        1.20233     -114.13702  27950.07294 -11697.46669            59.42646    -1.39281    113.90696   27861.21459 -9040.63878 77.82891    4094.64747  -4307.02601
24X24       15.0        0.5         0.1         286.98      -133.0      103.9       142.8       36.1056     -136.55     -129.45     57.0902     152.696     121.75      159.25      181.105     24.717      -139.0      -133.4      -126.6      43.051      97.712      170.594     118.3       159.2       159.3       185.762     24.741      24.693      2.5353      eq25        0.05458     -135.6912   1.38478     56.97992    2.51428     -7.46331    121.7855    33455.73165 -394.67964  1574.26382  4.85912     -2138.57788
24X24       20.0        0.5         0.1         214.97      -139.7      78.2952     139.7       78.2952     -143.45     -135.95     44.7808     113.556     135.95      143.45      113.556     44.7808     -145.9      -140.1      -133.0      35.5416     73.999      126.21      133.0       140.1       145.9       126.21      73.999      35.5416     2.5045      lt25        0.11846     -142.52357  1.45479     18.92126    5.39305     -0.0695     142.52326   1.45453     54.95518    1.85683     3.47106     -3.42287
24X24       25.0        0.5         0.1         161.62      -179.5      16.469      146.3       59.4284     -0.15       -0.05       161.614     161.618     142.55      150.15      84.2605     35.3254     -51.0       -0.1        0.0         147.33      161.616     161.62      139.4       146.8       152.7       93.9356     55.7042     28.5738     1.6469      lt25        7.10393     -90.70254   48173.37722 -19480.69896            190.60062   -0.05387    149.28196   1.53583     138.47125   0.53191     241.03748   -2.92428
24X24       28.5        0.5         0.1         132.53      -150.6      48.9844     150.6       48.9844     -154.55     -146.65     29.5339     69.3251     146.65      154.55      69.3251     29.5339     -157.2      -151.1      -143.4      23.9304     46.039      76.8338     143.4       151.1       157.2       76.8338     46.039      23.9304     1.63354     eq25        0.08116     -153.71429  1.55463     81.44488    0.73163     -0.07439    153.71444   1.55476     96.94497    0.61466     2.94135     -2.98846
