deriv_1, deriv_2, dose_1, dose_2, dose_0, second_deriv_1, second_deriv_2, second_dose_1, second_dose_2

depth                                                                                                         20X20                                                                                                         
2.0                                                                                                           -9.575, 9.575, 195.915, 195.915, 483.978, -9.92, -9.3, 73.588, 293.038, -9.92, -9.3, 73.588, 293.038          
5.5                                                                                                           -9.875, 9.875, 210.475, 210.475, 480.994, -10.41, -9.65, 59.835, 281.282, -10.41, -9.65, 59.835, 281.282      
10.0                                                                                                          -10.425, 10.425, 149.655, 149.655, 373.43, -10.82, -10.08, 66.578, 222.932, -10.82, -10.08, 66.578, 222.932   
15.0                                                                                                          -10.975, 10.975, 112.52, 112.52, 280.024, -11.32, -10.68, 61.141, 157.842, -11.32, -10.68, 61.141, 157.842    
20.0                                                                                                          -11.475, 11.475, 90.346, 90.346, 208.82, -11.92, -11.16, 45.321, 121.122, -11.92, -11.16, 45.321, 121.122     
25.0                                                                                                          -12.075, 12.075, 63.243, 63.243, 156.45, -12.37, -11.75, 41.235, 87.272, -12.37, -11.75, 41.235, 87.272       
28.5                                                                                                          -12.375, 12.375, 55.941, 55.942, 128.23, -12.88, -12.11, 28.593, 71.061, -12.88, -12.11, 28.593, 71.061       
