deriv_1, deriv_2, dose_1, dose_2, dose_0, second_deriv_1, second_deriv_2, second_dose_1, second_dose_2

depth                                                                 10X10                                                                 15X15                                                                 20X20                                                                 24X24                                                                 4X4                                                                   7X7                                                                   
2.0                                                                   4.775, 4.825, 208.215, 184.505, 447.29, 5.1, 4.4, 74.25, 351.57       7.175, 7.175, 197.715, 197.715, 456.09, 7.5, 6.9, 75.255, 301.02      9.625, 9.675, 172.54, 153.445, 460.1, 10.0, 9.3, 56.132, 281.58       11.625, 11.675, 166.385, 148.72, 465.0, 12.0, 11.3, 57.074, 264.51    1.975, 2.025, 222.8, 196.75, 426.97, 2.3, 1.7, 73.471, 347.52         3.175, 3.225, 222.91, 197.755, 437.22, 3.55, 2.9, 63.984, 342.98      
5.5                                                                   4.975, 4.975, 182.27, 182.27, 403.46, 5.3, 4.6, 74.697, 305.05        7.475, 7.475, 171.035, 171.035, 416.41, 7.85, 7.1, 64.765, 282.32     9.975, 10.025, 170.47, 154.595, 436.17, 10.35, 9.65, 69.015, 260.88   12.025, 12.075, 171.12, 156.24, 440.35, 12.4, 11.7, 73.47, 248.31     2.025, 2.075, 207.935, 186.585, 376.59, 2.4, 1.7, 67.461, 320.65      3.325, 3.375, 187.785, 167.235, 391.75, 3.65, 3.0, 72.579, 305.18     
10.0                                                                  5.225, 5.225, 140.45, 140.45, 307.74, 5.6, 4.85, 57.253, 227.67       7.825, 7.875, 139.335, 127.02, 322.46, 8.2, 7.5, 62.028, 208.43       10.425, 10.475, 144.47, 133.2, 340.01, 10.9, 10.05, 57.052, 209.81    12.575, 12.625, 143.685, 133.455, 345.03, 13.05, 12.4, 59.985, 175.31 2.075, 2.125, 168.65, 153.92, 276.25, 2.45, 1.85, 64.899, 224.16      3.475, 3.525, 146.25, 131.825, 292.06, 3.8, 3.2, 63.834, 217.74       
15.0                                                                  5.425, 5.475, 127.7, 118.08, 240.19, 5.9, 5.15, 49.202, 172.65        8.225, 8.275, 117.445, 108.775, 256.78, 8.65, 7.9, 54.275, 166.02     10.975, 11.025, 116.635, 108.81, 265.48, 11.55, 10.6, 46.47, 161.5    13.375, 13.425, 97.42, 90.442, 271.1, 13.65, 13.0, 62.31, 143.68      2.225, 2.275, 121.065, 110.375, 209.64, 2.6, 1.95, 48.218, 170.86     3.625, 3.675, 121.33, 111.055, 225.17, 4.0, 3.3, 52.466, 177.51       
20.0                                                                  5.775, 5.725, 82.972, 89.681, 174.89, 6.1, 5.4, 44.729, 126.58        8.725, 8.775, 76.852, 70.922, 189.73, 9.1, 8.35, 41.048, 118.13       11.575, 11.625, 81.898, 76.376, 198.3, 11.95, 11.2, 46.47, 115.49     14.025, 14.025, 75.097, 75.097, 202.74, 14.5, 13.75, 39.06, 99.975    2.475, 2.475, 66.821, 66.821, 149.87, 2.85, 2.1, 24.764, 117.42       3.875, 3.875, 78.481, 78.481, 162.65, 4.2, 3.45, 38.475, 129.85       
25.0                                                                  6.075, 5.975, 59.266, 68.659, 129.27, 6.35, 5.7, 36.23, 90.8          9.025, 9.075, 66.817, 62.712, 140.93, 9.5, 8.8, 32.838, 84.377        12.175, 12.125, 57.513, 61.194, 148.15, 12.45, 11.6, 39.108, 90.64    /                                                                     2.475, 2.525, 60.203, 55.079, 108.45, 2.95, 2.15, 19.641, 88.383      3.975, 4.025, 65.802, 60.773, 118.05, 4.4, 3.85, 28.419, 77.825       
28.5                                                                  6.175, 6.175, 54.346, 54.346, 105.11, 6.65, 5.95, 24.601, 69.777      9.425, 9.475, 46.522, 43.1, 114.93, 9.65, 8.95, 32.838, 74.343        12.525, 12.425, 48.081, 54.061, 121.47, 12.95, 12.1, 27.606, 69.935   15.125, 15.175, 46.965, 44.175, 124.62, 15.6, 14.7, 26.505, 66.03     2.575, 2.625, 46.967, 42.697, 87.956, 2.85, 2.05, 25.618, 78.136      4.125, 4.125, 51.373, 51.373, 96.188, 4.5, 3.75, 24.922, 76.076       
