deriv_1, deriv_2, dose_1, dose_2, dose_0, second_deriv_1, second_deriv_2, second_dose_1, second_dose_2

depth                                                                 10X10                                                                 15X15                                                                 20X20                                                                 24X24                                                                 4X4                                                                   7X7                                                                   
2.0                                                                   4.775, 4.825, 222.535, 197.245, 478.66, 5.1, 4.4, 79.133, 375.92      7.125, 7.175, 233.78, 210.745, 487.26, 7.5, 6.9, 79.416, 322.47       9.525, 9.575, 216.275, 195.915, 483.99, 9.9, 9.3, 78.161, 293.4       /                                                                     1.975, 2.025, 241.3, 213.645, 452.38, 2.35, 1.7, 65.217, 370.13       3.175, 3.225, 236.415, 209.45, 464.65, 3.5, 2.8, 82.607, 391.43       
5.5                                                                   4.925, 4.975, 221.345, 199.545, 457.79, 5.35, 4.6, 68.231, 342.21     7.425, 7.475, 205.05, 185.42, 474.31, 7.8, 7.1, 78.07, 317.52         9.875, 9.925, 210.475, 192.79, 480.99, 10.25, 9.65, 88.674, 281.57    12.025, 12.075, 178.305, 161.41, 486.64, 12.4, 11.65, 73.277, 279.36  2.025, 2.075, 238.485, 214.29, 432.77, 2.45, 1.7, 63.678, 367.76      3.275, 3.325, 229.63, 206.39, 445.24, 3.65, 2.95, 78.18, 355.93       
10.0                                                                  5.175, 5.225, 169.275, 154.04, 348.39, 5.55, 4.8, 69.455, 264.1       7.825, 7.875, 151.465, 137.295, 365.14, 8.15, 7.4, 73.674, 249.27     10.375, 10.425, 162.2, 149.655, 373.43, 10.8, 10.05, 69.072, 227.39   12.625, 12.675, 139.085, 127.685, 379.93, 13.0, 12.3, 66.19, 204.79   2.175, 2.225, 158.805, 142.14, 314.98, 2.55, 1.85, 52.754, 254.54     3.425, 3.475, 175.99, 159.81, 329.63, 3.85, 3.1, 59.433, 262.79       
15.0                                                                  5.475, 5.525, 118.795, 108.325, 253.72, 5.85, 5.1, 52.978, 186.36     8.125, 8.175, 134.13, 124.7, 270.34, 8.6, 7.85, 56.011, 177.08        10.975, 11.025, 112.52, 104.072, 280.02, 11.3, 10.65, 63.222, 161.49  13.225, 13.275, 115.6, 107.8, 286.98, 13.7, 13.0, 53.213, 146.97      2.275, 2.325, 116.025, 104.645, 222.13, 2.65, 2.0, 42.408, 172.46     3.625, 3.675, 123.18, 112.21, 236.65, 4.0, 3.2, 51.562, 195.87        
20.0                                                                  5.725, 5.775, 90.944, 83.68, 185.86, 6.15, 5.45, 39.768, 127.15       8.625, 8.675, 87.275, 80.767, 199.97, 9.05, 8.2, 42.357, 133.42       11.475, 11.525, 90.346, 84.446, 208.82, 11.9, 11.2, 46.558, 118.18    13.925, 13.975, 83.191, 77.752, 214.97, 14.3, 13.6, 47.551, 113.24    2.375, 2.425, 85.448, 77.492, 158.72, 2.75, 2.0, 33.528, 133.76       3.825, 3.875, 87.702, 80.059, 172.71, 4.25, 3.5, 34.206, 131.74       
25.0                                                                  5.975, 6.025, 69.88, 64.64, 137.29, 6.45, 5.7, 29.766, 94.794         9.025, 9.075, 66.432, 61.776, 149.47, 9.4, 8.65, 36.466, 96.339       12.025, 12.075, 67.37, 63.243, 156.45, 12.35, 11.75, 42.393, 87.325   14.525, 14.575, 67.355, 63.56, 161.62, 15.1, 14.3, 32.187, 82.051     2.475, 2.525, 63.541, 58.007, 115.02, 2.85, 2.1, 26.29, 96.914        3.975, 4.025, 67.106, 61.803, 125.04, 4.45, 3.55, 25.349, 102.25      
28.5                                                                  6.175, 6.225, 55.261, 51.174, 111.88, 6.6, 5.85, 26.306, 78.523       9.225, 9.275, 59.986, 56.198, 121.38, 9.7, 8.65, 29.7, 86.723         12.375, 12.425, 55.942, 52.7, 128.23, 12.85, 12.1, 29.497, 71.565     15.025, 15.075, 51.079, 48.097, 132.53, 15.5, 14.65, 28.093, 69.911   2.575, 2.625, 49.368, 44.985, 93.434, 2.95, 2.3, 20.56, 71.126        4.125, 4.175, 52.995, 48.722, 102.46, 4.5, 3.75, 25.212, 80.033       
