deriv_1, deriv_2, dose_1, dose_2, dose_0, second_deriv_1, second_deriv_2, second_dose_1, second_dose_2

depth                                                                           10X10                                                                           15X15                                                                           20X20                                                                           24X24                                                                           4X4                                                                             7X7                                                                             
2.0                                                                             4.8, 4.8, 172.618, 191.852, 412.883, 5.15, 4.5, 64.34, 279.901                  7.2, 7.2, 164.333, 181.7, 420.688, 7.65, 6.9, 48.697, 260.286                   9.6, 9.6, 159.62, 175.263, 424.708, 9.95, 9.25, 67.174, 254.542                 11.6, 11.6, 153.363, 167.686, 429.097, 12.0, 11.3, 58.624, 229.721              2.0, 2.0, 183.345, 204.425, 393.707, 2.4, 1.65, 51.994, 313.922                 3.2, 3.2, 184.04, 204.416, 403.451, 3.6, 2.9, 55.905, 295.845                   
5.5                                                                             5.0, 5.0, 152.973, 168.765, 372.39, 5.35, 4.6, 64.788, 266.584                  7.45, 7.45, 158.405, 172.684, 384.06, 7.85, 7.05, 64.765, 256.254               10.0, 10.0, 144.047, 157.248, 402.618, 10.4, 9.6, 61.3, 237.163                 12.05, 12.05, 144.543, 156.562, 406.229, 12.5, 11.75, 58.268, 210.001           2.1, 2.05, 155.351, 190.167, 347.489, 2.45, 1.7, 57.806, 279.435                3.3, 3.3, 173.542, 190.392, 361.311, 3.7, 2.95, 62.522, 277.063                 
10.0                                                                            5.2, 5.2, 129.955, 141.137, 284.44, 5.6, 4.8, 56.324, 207.025                   7.85, 7.85, 118.408, 128.477, 297.266, 8.2, 7.45, 60.274, 190.048               10.45, 10.45, 122.917, 132.19, 313.855, 10.9, 10.15, 55.566, 173.493            12.65, 12.65, 114.212, 122.653, 318.242, 13.1, 12.35, 53.511, 160.641           2.15, 2.15, 128.648, 140.899, 254.539, 2.55, 1.8, 47.262, 203.663               3.5, 3.5, 122.961, 134.8, 269.594, 3.85, 3.1, 54.754, 206.738                   
15.0                                                                            5.5, 5.5, 100.64, 108.691, 221.612, 5.95, 5.15, 43.628, 152.044                 8.25, 8.25, 100.725, 107.987, 237.028, 8.65, 7.9, 52.135, 146.791               11.05, 11.05, 93.789, 100.266, 245.058, 11.5, 10.7, 47.638, 135.27              13.35, 13.35, 90.105, 96.007, 250.246, 13.8, 12.9, 47.537, 135.175              2.3, 2.3, 92.919, 101.789, 193.514, 2.7, 1.9, 35.784, 155.474                   3.65, 3.65, 102.679, 111.255, 207.748, 4.1, 3.3, 40.359, 156.088                
20.0                                                                            5.8, 5.75, 71.222, 82.37, 161.437, 6.1, 5.45, 42.458, 107.728                   8.65, 8.65, 76.448, 81.501, 175.135, 9.1, 8.2, 39.329, 114.69                   11.6, 11.6, 70.891, 75.385, 183.046, 12.05, 11.15, 38.79, 105.789               14.05, 14.05, 65.279, 69.357, 187.145, 14.5, 13.6, 37.093, 97.651               2.4, 2.4, 68.644, 74.753, 138.342, 2.85, 2.0, 24.764, 111.473                   3.85, 3.85, 72.781, 78.733, 150.138, 4.2, 3.6, 36.996, 101.233                  
25.0                                                                            6.05, 6.05, 54.982, 58.905, 119.153, 6.4, 5.65, 31.379, 83.195                  9.05, 9.05, 57.888, 61.432, 130.089, 9.55, 8.65, 29.47, 82.552                  12.15, 12.15, 53.301, 56.451, 136.754, 12.6, 11.65, 30.72, 79.951               /                                                                               2.55, 2.55, 46.704, 50.974, 100.108, 2.85, 2.05, 24.567, 83.259                 4.05, 4.0, 51.895, 60.168, 108.969, 4.5, 3.6, 22.567, 84.484                    
28.5                                                                            6.25, 6.25, 43.697, 46.828, 96.991, 6.65, 5.9, 23.466, 64.134                   9.35, 9.35, 45.995, 48.837, 106.231, 9.8, 8.95, 25.436, 66.203                  12.5, 12.5, 44.559, 47.072, 112.126, 13.1, 12.25, 22.864, 56.521                15.15, 15.15, 40.992, 43.245, 115.034, 15.6, 14.85, 25.038, 53.904              2.55, 2.6, 43.091, 43.091, 81.026, 2.95, 2.3, 19.181, 58.955                    4.15, 4.15, 43.89, 47.186, 88.789, 4.6, 3.8, 19.809, 64.944                     
