deriv_1, deriv_2, dose_1, dose_2, dose_0, second_deriv_1, second_deriv_2, second_dose_1, second_dose_2

depth                                                                           10X10                                                                           15X15                                                                           20X20                                                                           24X24                                                                           4X4                                                                             7X7                                                                             
2.0                                                                             4.775, 4.825, 171.999, 171.999, 392.109, 5.15, 4.45, 60.032, 279.403            7.175, 7.225, 165.067, 165.067, 399.529, 7.6, 6.85, 53.786, 259.415             9.575, 9.625, 163.284, 163.284, 402.908, 10.0, 9.3, 58.258, 233.979             11.575, 11.625, 156.265, 156.265, 407.188, 12.0, 11.3, 58.093, 220.292          1.975, 2.025, 177.518, 177.518, 375.832, 2.35, 1.65, 54.576, 296.509            3.175, 3.225, 184.059, 184.059, 384.522, 3.55, 2.85, 61.54, 296.829             
5.5                                                                             4.975, 5.025, 142.565, 142.565, 327.358, 5.35, 4.6, 57.168, 235.75              7.475, 7.525, 136.823, 136.823, 336.152, 7.85, 7.15, 59.246, 210.758            9.975, 10.025, 135.959, 135.959, 342.758, 10.4, 9.7, 56.456, 191.431            12.075, 12.125, 126.103, 126.103, 346.207, 12.55, 11.8, 48.745, 177.115         2.025, 2.075, 152.876, 152.876, 300.119, 2.45, 1.75, 46.358, 230.217            3.275, 3.325, 161.21, 161.21, 316.279, 3.7, 3.0, 54.536, 235.078                
10.0                                                                            5.175, 5.225, 120.547, 120.547, 250.524, 5.6, 4.85, 49.993, 177.242             7.825, 7.875, 111.671, 111.671, 261.356, 8.25, 7.5, 50.066, 163.024             10.525, 10.575, 98.725, 98.725, 268.493, 10.9, 10.15, 50.544, 152.073           12.725, 12.775, 92.592, 92.592, 272.705, 13.1, 12.35, 48.675, 141.588           2.125, 2.175, 114.429, 114.429, 221.849, 2.55, 1.8, 38.527, 177.178             3.475, 3.525, 114.647, 114.647, 237.208, 3.85, 3.15, 48.226, 176.775            
15.0                                                                            5.525, 5.575, 95.077, 95.077, 207.662, 5.95, 5.1, 43.5, 150.612                 8.275, 8.325, 100.794, 100.794, 224.298, 8.75, 8.0, 46.987, 135.014             11.125, 11.175, 89.292, 89.292, 230.848, 11.55, 10.8, 47.299, 125.421           13.425, 13.475, 87.813, 87.813, 236.442, 13.9, 13.15, 44.872, 115.971           2.275, 2.325, 90.537, 90.537, 181.248, 2.7, 1.95, 33.01, 140.271                3.675, 3.725, 95.294, 95.294, 196.344, 4.1, 3.35, 39.309, 143.675               
20.0                                                                            5.775, 5.825, 72.024, 72.024, 150.358, 6.25, 5.4, 32.474, 106.302               8.725, 8.775, 71.358, 71.358, 165.528, 9.15, 8.4, 38.216, 99.573                11.675, 11.725, 67.568, 67.568, 172.307, 12.15, 11.3, 36.103, 95.767            14.075, 14.125, 66.723, 66.723, 175.45, 14.5, 13.75, 38.883, 88.698             2.375, 2.425, 66.579, 66.579, 129.54, 2.8, 1.95, 25.663, 107.807                3.825, 3.875, 72.835, 72.835, 140.896, 4.3, 3.45, 29.227, 109.131               
25.0                                                                            6.075, 6.125, 51.35, 51.35, 110.492, 6.5, 5.65, 26.228, 78.654                  9.125, 9.175, 53.913, 53.913, 122.395, 9.6, 8.75, 28.513, 76.024                12.225, 12.275, 50.596, 50.596, 128.15, 12.7, 11.8, 28.525, 72.411              /                                                                               2.475, 2.525, 49.157, 49.157, 93.295, 2.85, 2.1, 22.49, 75.411                  4.025, 4.075, 51.909, 51.909, 102.286, 4.45, 3.6, 23.743, 80.295                
28.5                                                                            6.225, 6.275, 43.594, 43.594, 89.599, 6.6, 5.95, 24.584, 58.49                  9.375, 9.425, 45.266, 45.266, 99.936, 9.8, 9.05, 26.043, 60.615                 12.575, 12.625, 42.226, 42.226, 105.012, 13.0, 12.2, 25.614, 57.782             15.175, 15.225, 41.632, 41.632, 107.646, 15.6, 14.9, 25.999, 52.213             2.575, 2.625, 38.052, 38.052, 75.512, 2.95, 2.2, 17.4, 59.639                   4.125, 4.175, 43.533, 43.533, 83.019, 4.55, 3.7, 20.569, 65.72                  
