deriv_1, deriv_2, dose_1, dose_2, dose_0, second_deriv_1, second_deriv_2, second_dose_1, second_dose_2

depth                                                                           10X10                                                                           15X15                                                                           20X20                                                                           24X24                                                                           4X4                                                                             7X7                                                                             
2.0                                                                             4.775, 4.825, 180.609, 180.609, 405.914, 5.2, 4.45, 55.158, 289.1               7.175, 7.225, 169.987, 169.987, 414.303, 7.6, 6.85, 55.776, 267.466             /                                                                               /                                                                               1.975, 2.025, 195.313, 195.313, 389.789, 2.4, 1.7, 54.22, 297.481               3.175, 3.225, 193.484, 193.484, 398.543, 3.6, 2.85, 57.389, 305.893             
5.5                                                                             4.975, 5.025, 163.94, 163.94, 368.931, 5.35, 4.6, 67.784, 266.032               7.475, 7.525, 152.796, 152.796, 379.436, 7.85, 7.15, 66.623, 235.548            9.975, 10.025, 160.902, 160.902, 422.78, 10.35, 9.55, 73.891, 258.186           12.075, 12.125, 146.294, 146.294, 424.778, 12.5, 11.75, 62.46, 219.969          2.075, 2.125, 166.868, 166.868, 343.879, 2.5, 1.75, 52.217, 266.088             3.275, 3.325, 184.33, 184.33, 358.198, 3.7, 2.95, 65.828, 275.897               
10.0                                                                            5.175, 5.225, 137.171, 137.171, 281.546, 5.6, 4.9, 58.396, 191.183              7.825, 7.875, 124.833, 124.833, 294.515, 8.25, 7.45, 56.23, 189.302             10.475, 10.525, 126.245, 126.245, 329.622, 10.9, 10.15, 59.946, 183.025         12.675, 12.725, 116.351, 116.351, 332.423, 13.15, 12.3, 53.127, 174.488         2.175, 2.225, 124.999, 124.999, 252.339, 2.55, 1.8, 49.945, 202.706             3.475, 3.525, 131.093, 131.093, 268.498, 3.9, 3.1, 50.722, 206.445              
15.0                                                                            5.475, 5.525, 106.107, 106.107, 223.418, 5.9, 5.15, 49.044, 153.15              8.225, 8.275, 103.136, 103.136, 237.93, 8.7, 7.9, 47.673, 145.985               11.025, 11.075, 96.622, 96.622, 246.898, 11.4, 10.7, 54.523, 135.516            13.325, 13.375, 91.055, 91.055, 250.285, 13.7, 13.05, 52.893, 121.651           2.275, 2.325, 99.884, 99.884, 194.954, 2.75, 1.9, 33.421, 156.638               3.625, 3.675, 108.973, 108.973, 209.371, 4.05, 3.3, 47.017, 157.381             
20.0                                                                            5.725, 5.775, 81.003, 81.003, 163.316, 6.2, 5.35, 36.974, 116.775               8.625, 8.675, 78.412, 78.412, 175.993, 9.1, 8.25, 39.08, 111.348                11.575, 11.625, 73.102, 73.102, 184.676, 12.05, 11.25, 38.601, 100.043          13.975, 14.025, 70.211, 70.211, 188.071, 14.4, 13.6, 40.791, 97.116             2.375, 2.425, 73.59, 73.59, 139.524, 2.85, 2.0, 26.4, 112.504                   3.825, 3.875, 77.016, 77.016, 150.824, 4.25, 3.5, 34.728, 111.138               
25.0                                                                            6.025, 6.075, 58.292, 58.292, 120.51, 6.55, 5.7, 25.931, 81.466                 9.025, 9.075, 59.321, 59.321, 130.605, 9.55, 8.7, 29.396, 79.865                12.125, 12.175, 55.103, 55.103, 137.842, 12.5, 11.65, 34.41, 80.384             14.625, 14.675, 53.781, 53.781, 140.755, 15.1, 14.25, 31.025, 72.503            2.525, 2.575, 50.43, 50.43, 100.988, 3.0, 2.15, 18.522, 78.804                  4.025, 4.075, 55.104, 55.104, 109.806, 4.45, 3.7, 25.817, 79.464                
28.5                                                                            6.225, 6.275, 46.333, 46.333, 98.104, 6.65, 5.8, 24.341, 69.541                 9.325, 9.375, 47.201, 47.201, 107.096, 9.8, 9.1, 25.411, 59.4                   12.475, 12.525, 46.175, 46.175, 113.245, 12.9, 12.1, 27.802, 62.909             15.075, 15.125, 44.245, 44.245, 115.805, 15.5, 14.75, 27.473, 57.527            2.575, 2.625, 42.718, 42.718, 81.824, 3.0, 2.15, 18.261, 66.89                  4.125, 4.175, 46.263, 46.263, 89.185, 4.65, 3.8, 18.771, 65.244                 
