deriv_1, deriv_2, dose_1, dose_2, dose_0, second_deriv_1, second_deriv_2, second_dose_1, second_dose_2

depth                                                                           10X10                                                                           15X15                                                                           20X20                                                                           24X24                                                                           4X4                                                                             7X7                                                                             
2.0                                                                             4.8, 4.8, 184.356, 204.931, 441.991, 5.2, 4.45, 58.256, 314.352                 7.2, 7.2, 175.061, 193.757, 449.505, 7.55, 6.85, 68.743, 292.098                9.6, 9.6, 163.358, 179.915, 446.587, 10.0, 9.25, 58.765, 265.629                /                                                                               2.0, 2.0, 198.311, 220.505, 416.686, 2.4, 1.7, 56.998, 319.085                  3.2, 3.2, 194.946, 216.496, 428.494, 3.55, 2.9, 70.292, 313.536                 
5.5                                                                             4.95, 4.95, 185.578, 203.585, 422.231, 5.35, 4.55, 69.507, 310.801              7.45, 7.45, 172.69, 189.122, 437.752, 7.9, 7.05, 61.019, 288.585                9.95, 9.95, 162.946, 177.785, 443.914, 10.35, 9.55, 68.308, 265.978             12.05, 12.05, 150.285, 163.783, 448.978, 12.4, 11.75, 72.099, 226.278           2.05, 2.05, 198.361, 218.262, 399.586, 2.45, 1.7, 66.072, 320.605               3.3, 3.3, 191.475, 210.578, 410.629, 3.7, 2.95, 67.398, 310.961                 
10.0                                                                            5.2, 5.2, 142.964, 155.697, 321.828, 5.6, 4.8, 60.74, 232.322                   7.8, 7.8, 140.049, 151.614, 336.934, 8.2, 7.45, 64.31, 212.673                  10.45, 10.45, 127.575, 137.946, 344.68, 10.85, 10.1, 61.309, 193.641            12.6, 12.6, 128.324, 137.834, 350.445, 13.1, 12.25, 54.572, 186.669             2.15, 2.15, 146.508, 160.363, 290.223, 2.55, 1.8, 53.423, 231.663               3.45, 3.45, 147.932, 161.225, 303.845, 3.9, 3.1, 52.031, 230.482                
15.0                                                                            5.45, 5.45, 109.867, 118.56, 234.257, 5.85, 5.1, 51.451, 164.232                8.2, 8.2, 106.665, 114.583, 249.52, 8.7, 7.85, 46.19, 156.287                   11.0, 11.0, 96.713, 103.804, 258.533, 11.4, 10.6, 51.412, 147.534               13.3, 13.3, 92.873, 99.382, 264.725, 13.7, 12.95, 51.038, 134.532               2.3, 2.3, 97.395, 106.822, 205.062, 2.75, 1.9, 32.055, 164.14                   3.65, 3.65, 104.176, 113.284, 218.085, 4.0, 3.25, 49.781, 168.019               
20.0                                                                            5.75, 5.75, 77.736, 83.785, 171.343, 6.1, 5.4, 41.95, 116.552                   8.6, 8.6, 80.576, 86.063, 184.681, 9.1, 8.25, 37.9, 114.924                     11.55, 11.55, 73.019, 77.915, 192.663, 11.95, 11.2, 41.521, 104.744             13.95, 13.95, 72.062, 76.536, 198.442, 14.4, 13.55, 39.848, 103.683             2.4, 2.4, 71.975, 78.501, 146.596, 2.85, 2.0, 25.348, 117.87                    3.85, 3.85, 74.534, 80.91, 159.481, 4.25, 3.45, 33.405, 120.358                 
25.0                                                                            6.0, 6.0, 59.83, 64.102, 126.702, 6.4, 5.7, 31.03, 83.712                       9.0, 9.0, 61.275, 65.162, 137.842, 9.4, 8.65, 34.628, 85.558                    12.05, 12.05, 58.407, 61.864, 144.412, 12.45, 11.7, 34.824, 80.088              14.6, 14.6, 55.278, 58.453, 149.126, 15.1, 14.25, 30.531, 75.323                2.55, 2.55, 49.007, 53.601, 106.221, 2.95, 2.2, 19.942, 79.062                  4.0, 4.0, 57.158, 61.596, 115.358, 4.45, 3.6, 24.554, 88.262                    
28.5                                                                            6.2, 6.2, 47.466, 50.863, 103.204, 6.65, 5.85, 23.278, 69.454                   9.3, 9.3, 48.903, 51.984, 112.199, 9.8, 8.95, 25.12, 68.505                     12.4, 12.4, 48.616, 51.348, 118.325, 12.9, 12.05, 26.484, 65.643                15.05, 15.05, 44.507, 46.997, 122.443, 15.5, 14.65, 26.533, 62.426              2.6, 2.6, 41.727, 45.389, 86.044, 3.05, 2.3, 15.659, 62.382                     4.15, 4.15, 45.247, 48.797, 94.529, 4.55, 3.8, 21.977, 68.24                    
