deriv_1, deriv_2, dose_1, dose_2, dose_0, second_deriv_1, second_deriv_2, second_dose_1, second_dose_2

depth                                                                           20X20                                                                           
2.0                                                                             9.56, 9.56, 184.607, 188.358, 446.738, 9.96, 9.26, 59.096, 277.818              
5.5                                                                             9.91, 9.91, 181.24, 184.498, 444.002, 10.26, 9.61, 79.172, 266.713              
10.0                                                                            10.41, 10.41, 140.465, 142.774, 344.711, 10.76, 10.11, 69.102, 200.582          
15.0                                                                            10.98, 10.97, 102.305, 105.422, 258.492, 11.35, 10.6, 53.297, 153.132           
20.0                                                                            11.51, 11.51, 79.042, 80.13, 192.752, 11.96, 11.21, 39.505, 107.825             
25.0                                                                            12.06, 12.06, 59.141, 59.901, 144.415, 12.4, 11.75, 36.306, 80.217              
28.5                                                                            12.41, 12.41, 49.245, 49.843, 118.366, 12.8, 12.15, 28.896, 63.567              
