FS          d_cm        ini_bin     bin         D(0)        p1d1sx      D(p1d1sx)   p1d1dx      D(p1d1dx)   p1d2sx      p2d2sx      D(p1d2sx)   D(p2d2sx)   p1d2dx      p2d2dx      D(p1d2dx)   D(p2d2dx)   p1d3sx      p2d3sx      p3d3sx      D(p1d3sx)   D(p2d3sx)   D(p3d3sx)   p1d3dx      p2d3dx      p3d3dx      D(p1d3dx)   D(p2d3dx)   D(p3d3dx)   D(IP-25)    off25       chi2sx      chi2dx      params
3X3         1.5         0.5         0.001       2.7588      -13.455     1.40849     13.455      1.40849     -16.021     -10.889     0.4975      2.31351     10.889      16.021      2.31351     0.4975      -17.899     -13.455     -9.01       0.20341     1.40849     2.61861     9.01        13.455      17.899      2.61861     1.40849     0.20341     0.00208     eq25        20.18573    21.90836    0.41011     -13.45469   2.56588     -0.41011    13.45469    2.56588
3X3         5.0         0.5         0.001       2.2545      -13.974     1.16142     13.974      1.16142     -16.624     -11.324     0.44032     1.88298     11.324      16.624      1.88298     0.44032     -18.565     -13.974     -9.383      0.20071     1.16142     2.12281     9.383       13.974      18.565      2.12281     1.16142     0.20071     0.00184     lt25        16.56052    17.0102     0.31837     -13.97406   2.65042     -0.31837    13.97406    2.65042
3X3         10.0        0.5         0.001       1.6295      -14.711     0.84233     14.711      0.84233     -17.416     -12.006     0.33186     1.36384     12.006      17.416      1.36384     0.33186     -19.396     -14.711     -10.026     0.16227     0.84233     1.52498     10.026      14.711      19.396      1.52498     0.84233     0.16227     0.00289     eq25        12.05776    11.07751    0.22144     -14.71093   2.70513     -0.22144    14.71093    2.70513
3X3         20.0        0.5         0.001       0.85964     -16.162     0.45107     16.162      0.45107     -19.024     -13.299     0.18201     0.71966     13.299      19.024      0.71966     0.18201     -21.12      -16.162     -11.203     0.0953      0.45107     0.80701     11.203      16.162      21.12       0.80701     0.45107     0.0953      0.00238     eq25        5.35474     5.09684     0.10913     -16.16157   2.86288     -0.10913    16.16157    2.86288
3X3         30.0        0.5         0.001       0.47044     -17.644     0.2474      17.644      0.2474      -20.659     -14.629     0.10295     0.39213     14.629      20.659      0.39213     0.10295     -22.866     -17.644     -12.422     0.05537     0.2474      0.43959     12.422      17.644      22.866      0.43959     0.2474      0.05537     0.00161     eq25        2.4852      2.62263     0.05603     -17.64392   3.01506     -0.05603    17.64392    3.01506
30X30       1.5         0.5         0.001       1.338       -137.483    0.74358     137.483     0.74358     -139.972    -134.995    0.33164     1.16355     134.995     139.972     1.16355     0.33164     -141.793    -137.483    -133.173    0.19663     0.74358     1.2926      133.173     137.483     141.793     1.2926      0.74358     0.19663     0.00773     eq25        11.14682    10.09648    0.19283     -137.48345  2.4884      -0.19283    137.48345   2.4884
30X30       5.0         0.5         0.001       1.1671      -142.725    0.63963     142.725     0.63963     -145.333    -140.117    0.31332     0.97131     140.117     145.333     0.97131     0.31332     -147.241    -142.725    -138.209    0.20547     0.63963     1.07615     138.209     142.725     147.241     1.07615     0.63963     0.20547     0.0074      lt25        7.94152     7.98192     0.14669     -142.72504  2.60754     -0.14669    142.72504   2.60754
30X30       10.0        0.5         0.001       0.93263     -150.207    0.50242     150.207     0.50242     -152.972    -147.442    0.2668      0.73351     147.442     152.972     0.73351     0.2668      -154.996    -150.207    -145.418    0.19319     0.50242     0.80988     145.418     150.207     154.996     0.80988     0.50242     0.19319     0.00987     eq25        4.93126     5.27096     0.09811     -150.20677  2.76495     -0.09811    150.20677   2.76495
30X30       20.0        0.5         0.001       0.57207     -165.172    0.29844     165.172     0.29844     -168.181    -162.163    0.17855     0.4181      162.163     168.181     0.4181      0.17855     -170.384    -165.172    -159.96     0.14101     0.29844     0.45622     159.96      165.172     170.384     0.45622     0.29844     0.14101     0.00861     eq25        2.44348     2.57428     0.04624     -165.17201  3.00929     -0.04624    165.17201   3.00929
30X30       30.0        0.5         0.001       0.34566     -180.126    0.17605     180.126     0.17605     -183.344    -176.909    0.11312     0.2409      176.909     183.344     0.2409      0.11312     -185.699    -180.126    -174.554    0.09223     0.17605     0.26002     174.554     180.126     185.699     0.26002     0.17605     0.09223     0.00621     eq25        1.39636     1.15624     0.02307     -180.12647  3.21714     -0.02307    180.12647   3.21715
10X10       1.5         0.5         0.001       2.0825      -45.754     1.0876      45.754      1.0876      -48.316     -43.192     0.44086     1.7406      43.192      48.316      1.7406      0.44086     -50.192     -45.754     -41.316     0.223       1.0876      1.95465     41.316      45.754      50.192      1.95465     1.0876      0.223       0.00534     eq25        15.46463    15.67492    0.2962      -45.75373   2.56215     -0.2962     45.75373    2.56215
10X10       5.0         0.5         0.001       1.7762      -47.485     0.93014     47.485      0.93014     -50.149     -44.822     0.40296     1.45889     44.822      50.149      1.45889     0.40296     -52.099     -47.485     -42.872     0.23047     0.93014     1.62917     42.872      47.485      52.099      1.62917     0.93014     0.23047     0.00646     eq25        12.95376    12.16085    0.23046     -47.48546   2.66387     -0.23046    47.48546    2.66387
10X10       10.0        0.5         0.001       1.3465      -49.958     0.71249     49.958      0.71249     -52.743     -47.172     0.33531     1.09253     47.172      52.743      1.09253     0.33531     -54.783     -49.958     -45.133     0.21192     0.71249     1.21527     45.133      49.958      54.783      1.21527     0.71249     0.21192     0.00754     eq25        7.9543      7.96749     0.15839     -49.95784   2.78562     -0.15839    49.95784    2.78562
10X10       20.0        0.5         0.001       0.75771     -54.941     0.40743     54.941      0.40743     -57.913     -51.969     0.2078      0.60602     51.969      57.913      0.60602     0.2078      -60.089     -54.941     -49.793     0.14543     0.40743     0.66945     49.793      54.941      60.089      0.66945     0.40743     0.14543     0.00679     eq25        3.74038     4.18809     0.07765     -54.94096   2.97199     -0.07765    54.94096    2.97199
10X10       30.0        0.5         0.001       0.42718     -59.923     0.2328      59.923      0.2328      -63.118     -56.727     0.1246      0.34055     56.727      63.118      0.34055     0.1246      -65.457     -59.923     -54.388     0.09094     0.2328      0.37534     54.388      59.923      65.457      0.37534     0.2328      0.09094     0.00345     lt25        1.87359     2.03349     0.03932     -59.92273   3.19544     -0.03932    59.92273    3.19544
6X6         1.5         0.5         0.001       1.9337      -27.285     0.9969      27.285      0.9969      -29.856     -24.713     0.38045     1.61191     24.713      29.856      1.61191     0.38045     -31.739     -27.285     -22.831     0.17755     0.9969      1.81987     22.831      27.285      31.739      1.81987     0.9969      0.17755     0.00299     eq25        14.6867     14.87091    0.27937     -27.28491   2.57156     -0.27937    27.28491    2.57156
6X6         5.0         0.5         0.001       1.6217      -28.329     0.8414      28.329      0.8414      -30.995     -25.664     0.33925     1.33887     25.664      30.995      1.33887     0.33925     -32.946     -28.329     -23.712     0.17849     0.8414      1.5035      23.712      28.329      32.946      1.5035      0.8414      0.17849     0.00267     lt25        11.57227    11.3325     0.21794     -28.32916   2.66547     -0.21794    28.32916    2.66548
6X6         10.0        0.5         0.001       1.1988      -29.811     0.63018     29.811      0.63018     -32.562     -27.061     0.2753      0.99073     27.061      32.562      0.99073     0.2753      -34.575     -29.811     -25.047     0.15917     0.63018     1.10359     25.047      29.811      34.575      1.10359     0.63018     0.15917     0.00304     lt25        8.05369     7.85371     0.15109     -29.81115   2.75039     -0.15109    29.81115    2.75039
6X6         20.0        0.5         0.001       0.64969     -32.772     0.34717     32.772      0.34717     -35.718     -29.825     0.16104     0.53424     29.825      35.718      0.53424     0.16104     -37.875     -32.772     -27.668     0.10047     0.34717     0.59453     27.668      32.772      37.875      0.59453     0.34717     0.10047     0.00384     eq25        3.49011     3.58955     0.0738      -32.77152   2.94664     -0.0738     32.77152    2.94664
6X6         30.0        0.5         0.001       0.36011     -35.762     0.19423     35.762      0.19423     -38.87      -32.654     0.09295     0.29484     32.654      38.87       0.29484     0.09295     -41.145     -35.762     -30.378     0.06069     0.19423     0.32788     30.378      35.762      41.145      0.32788     0.19423     0.06069     0.00272     eq25        1.72506     1.8396      0.03785     -35.76179   3.10806     -0.03785    35.76179    3.10806
20X20       1.5         0.5         0.001       1.4791      -91.698     0.79703     91.698      0.79703     -94.23      -89.165     0.3466      1.25654     89.165      94.23       1.25654     0.3466      -96.084     -91.698     -87.311     0.19323     0.79703     1.40194     87.311      91.698      96.084      1.40194     0.79703     0.19323     0.00656     eq25        12.74432    11.39764    0.20912     -91.69756   2.53273     -0.20912    91.69756    2.53273
20X20       5.0         0.5         0.001       1.281       -95.188     0.68838     95.188      0.68838     -97.825     -92.551     0.32239     1.05266     92.551      97.825      1.05266     0.32239     -99.756     -95.188     -90.62      0.20377     0.68838     1.17204     90.62       95.188      99.756      1.17204     0.68838     0.20377     0.00773     eq25        8.74844     8.36176     0.16153     -95.18806   2.63739     -0.16153    95.18806    2.63739
20X20       10.0        0.5         0.001       1.0052      -100.17     0.53812     100.17      0.53812     -102.96     -97.379     0.2744      0.80027     97.379      102.96      0.80027     0.2744      -105.003    -100.17     -95.336     0.19037     0.53812     0.88423     95.336      100.17      105.003     0.88423     0.53812     0.19037     0.00877     eq25        5.82038     5.56946     0.10943     -100.16956  2.79074     -0.10943    100.16956   2.79074
20X20       20.0        0.5         0.001       0.59893     -110.148    0.31844     110.148     0.31844     -113.15     -107.146    0.18112     0.45491     107.146     113.15      0.45491     0.18112     -115.348    -110.148    -104.949    0.13879     0.31844     0.49817     104.949     110.148     115.348     0.49817     0.31844     0.13879     0.00783     eq25        2.8587      2.90564     0.05288     -110.14832  3.00182     -0.05288    110.14832   3.00183
20X20       30.0        0.5         0.001       0.35308     -120.156    0.18737     120.156     0.18737     -123.341    -116.971    0.11405     0.26059     116.971     123.341     0.26059     0.11405     -125.673    -120.156    -114.639    0.09129     0.18737     0.28354     114.639     120.156     125.673     0.28354     0.18737     0.09129     0.00574     eq25        1.49854     1.65581     0.02676     -120.15582  3.18521     -0.02676    120.15582   3.18521
4X4         1.5         0.5         0.001       1.8932      -18.081     0.9707      18.081      0.9707      -20.645     -15.516     0.35932     1.5805      15.516      20.645      1.5805      0.35932     -22.523     -18.081     -13.639     0.15496     0.9707      1.78579     13.639      18.081      22.523      1.78579     0.9707      0.15496     0.00197     eq25        15.18467    15.1352     0.27873     -18.08065   2.56453     -0.27873    18.08065    2.56453
4X4         5.0         0.5         0.001       1.5666      -18.761     0.80887     18.761      0.80887     -21.409     -16.113     0.31798     1.306       16.113      21.409      1.306       0.31798     -23.347     -18.761     -14.174     0.15347     0.80887     1.46786     14.174      18.761      23.347      1.46786     0.80887     0.15347     0.0024      eq25        10.72264    11.10075    0.21773     -18.76071   2.64809     -0.21773    18.76071    2.64809
4X4         10.0        0.5         0.001       1.1389      -19.756     0.59434     19.756      0.59434     -22.482     -17.03      0.24412     0.95027     17.03       22.482      0.95027     0.24412     -24.478     -19.756     -15.034     0.12852     0.59434     1.06439     15.034      19.756      24.478      1.06439     0.59434     0.12852     0.00274     eq25        7.37219     7.75756     0.15066     -19.75616   2.72614     -0.15066    19.75616    2.72614
4X4         20.0        0.5         0.001       0.60543     -21.721     0.3211      21.721      0.3211      -24.628     -18.813     0.13737     0.50477     18.813      24.628      0.50477     0.13737     -26.757     -21.721     -16.685     0.07732     0.3211      0.56484     16.685      21.721      26.757      0.56484     0.3211      0.07732     0.00234     eq25        3.45956     3.67191     0.0737      -21.72079   2.90765     -0.0737     21.72079    2.90765
4X4         30.0        0.5         0.001       0.33272     -23.695     0.17752     23.695      0.17752     -26.771     -20.618     0.07753     0.27686     20.618      26.771      0.27686     0.07753     -29.023     -23.695     -18.366     0.04512     0.17752     0.30949     18.366      23.695      29.023      0.30949     0.17752     0.04512     0.00164     eq25        1.69819     1.7763      0.03778     -23.69452   3.07658     -0.03778    23.69452    3.07658
2X2         1.5         0.5         0.001       3.7226      -8.847      1.89881     8.847       1.89881     -11.395     -6.3        0.66954     3.13036     6.3         11.395      3.13036     0.66954     -13.26      -8.847      -4.434      0.25331     1.89881     3.54232     4.434       8.847       13.26       3.54232     1.89881     0.25331     0.00158     lt25        31.95072    32.20574    0.56495     -8.84737    2.54781     -0.56495    8.84737     2.54781
2X2         5.0         0.5         0.001       3.0008      -9.186      1.54485     9.186       1.54485     -11.798     -6.574      0.56219     2.5239      6.574       11.798      2.5239      0.56219     -13.711     -9.186      -4.661      0.23684     1.54485     2.85018     4.661       9.186       13.711      2.85018     1.54485     0.23684     0.00224     eq25        24.26341    22.88808    0.43882     -9.18598    2.6124      -0.43882    9.18598     2.6124
2X2         10.0        0.5         0.001       2.1565      -9.672      1.1089      9.672       1.1089      -12.34      -7.004      0.41651     1.81832     7.004       12.34       1.81832     0.41651     -14.293     -9.672      -5.051      0.18421     1.1089      2.03816     5.051       9.672       14.293      2.03816     1.1089      0.18421     0.00241     eq25        16.99521    15.4648     0.30492     -9.67216    2.66777     -0.30492    9.67216     2.66777
2X2         20.0        0.5         0.001       1.1353      -10.633     0.58781     10.633      0.58781     -13.468     -7.797      0.22524     0.95268     7.797       13.468      0.95268     0.22524     -15.544     -10.633     -5.721      0.10448     0.58781     1.07189     5.721       10.633      15.544      1.07189     0.58781     0.10448     0.00126     lt25        7.29077     7.1987      0.14988     -10.63257   2.83588     -0.14988    10.63257    2.83588
2X2         30.0        0.5         0.001       0.6186      -11.6       0.32134     11.6        0.32134     -14.606     -8.594      0.12365     0.51802     8.594       14.606      0.51802     0.12365     -16.807     -11.6       -6.394      0.05836     0.32134     0.58418     6.394       11.6        16.807      0.58418     0.32134     0.05836     0.00125     eq25        3.19203     3.52324     0.07678     -11.6004    3.00592     -0.07678    11.6004     3.00592
12X12       1.5         0.5         0.001       1.6695      -54.935     0.88341     54.935      0.88341     -57.5       -52.371     0.36512     1.40244     52.371      57.5        1.40244     0.36512     -59.378     -54.935     -50.493     0.19135     0.88341     1.57614     50.493      54.935      59.378      1.57614     0.88341     0.19135     0.00507     eq25        12.86148    13.40488    0.23676     -54.93549   2.56481     -0.23676    54.93549    2.56481
12X12       5.0         0.5         0.001       1.43        -57.005     0.75664     57.005      0.75664     -59.676     -54.335     0.33593     1.17751     54.335      59.676      1.17751     0.33593     -61.631     -57.005     -52.379     0.19834     0.75664     1.31521     52.379      57.005      61.631      1.31521     0.75664     0.19834     0.00605     eq25        9.61398     9.43082     0.18411     -57.0053    2.67074     -0.18411    57.0053     2.67074
12X12       10.0        0.5         0.001       1.0979      -60.003     0.5833      60.003      0.5833      -62.803     -57.204     0.27879     0.88669     57.204      62.803      0.88669     0.27879     -64.853     -60.003     -55.154     0.18159     0.5833      0.98446     55.154      60.003      64.853      0.98446     0.5833      0.18159     0.0053      lt25        6.26638     6.29916     0.12627     -60.00349   2.7997      -0.12627    60.00349    2.7997
12X12       20.0        0.5         0.001       0.62625     -65.969     0.33622     65.969      0.33622     -68.974     -62.964     0.17707     0.49642     62.964      68.974      0.49642     0.17707     -71.173     -65.969     -60.765     0.12729     0.33622     0.54625     60.765      65.969      71.173      0.54625     0.33622     0.12729     0.00631     eq25        3.13112     3.19335     0.06147     -65.96896   3.00471     -0.06147    65.96896    3.00471
12X12       30.0        0.5         0.001       0.35758     -71.967     0.19434     71.967      0.19434     -75.118     -68.815     0.10852     0.27982     68.815      75.118      0.27982     0.10852     -77.425     -71.967     -66.508     0.08145     0.19434     0.3069      66.508      71.967      77.425      0.3069      0.19434     0.08145     0.00459     eq25        1.6573      1.65941     0.03164     -71.96659   3.15167     -0.03164    71.96659    3.15167
40X40       1.5         0.5         0.001       1.2478      -183.331    0.70245     183.331     0.70245     -186.424    -180.238    0.3097      1.09925     180.238     186.424     1.09925     0.3097      -188.688    -183.331    -177.973    0.1778      0.70245     1.23341     177.973     183.331     188.688     1.23341     0.70245     0.1778      0.00487     lt25        7.81069     8.67448     0.14917     -183.33075  3.09313     -0.14917    183.33075   3.09313
40X40       5.0         0.5         0.001       1.0688      -190.304    0.59054     190.304     0.59054     -193.52     -187.088    0.28584     0.89614     187.088     193.52      0.89614     0.28584     -195.875    -190.304    -184.733    0.18652     0.59054     0.9951      184.733     190.304     195.875     0.9951      0.59054     0.18652     0.00786     eq25        5.86292     6.13143     0.11038     -190.30415  3.21633     -0.11038    190.30415   3.21633
40X40       10.0        0.5         0.001       0.8344      -200.231    0.44678     200.231     0.44678     -203.525    -196.937    0.24084     0.65492     196.937     203.525     0.65492     0.24084     -205.936    -200.231    -194.526    0.17384     0.44678     0.72013     194.526     200.231     205.936     0.72013     0.44678     0.17384     0.00914     eq25        4.01039     3.84612     0.07308     -200.23112  3.29374     -0.07308    200.23112   3.29374
40X40       20.0        0.5         0.001       0.49363     -220.087    0.25083     220.087     0.25083     -223.56     -216.614    0.15218     0.35031     216.614     223.56      0.35031     0.15218     -226.102    -220.087    -214.071    0.12027     0.25083     0.38169     214.071     220.087     226.102     0.38169     0.25083     0.12027     0.00772     eq25        1.71504     1.64843     0.03321     -220.08673  3.47304     -0.03321    220.08673   3.47304
40X40       30.0        0.5         0.001       0.28876     -239.999    0.14093     239.999     0.14093     -243.617    -236.381    0.09114     0.1911      236.381     243.617     0.1911      0.09114     -246.266    -239.999    -233.732    0.07539     0.14093     0.20632     233.732     239.999     246.266     0.20632     0.14093     0.07539     0.00528     eq25        1.0559      0.92615     0.01606     -239.99911  3.61839     -0.01606    239.99911   3.61839
15X15       1.5         0.5         0.001       1.6897      -68.75      0.89996     68.75       0.89996     -71.298     -66.201     0.3808      1.42601     66.201      71.298      1.42601     0.3808      -73.163     -68.75      -64.336     0.20524     0.89996     1.59589     64.336      68.75       73.163      1.59589     0.89996     0.20524     0.00619     eq25        13.42148    13.18398    0.23922     -68.74963   2.54814     -0.23922    68.74963    2.54814
15X15       5.0         0.5         0.001       1.4548      -71.36      0.77447     71.36       0.77447     -74.019     -68.7       0.34844     1.19658     68.7        74.019      1.19658     0.34844     -75.966     -71.36      -66.753     0.21317     0.77447     1.33419     66.753      71.36       75.966      1.33419     0.77447     0.21317     0.00548     lt25        9.97967     9.71943     0.18521     -71.3597    2.65957     -0.18521    71.3597     2.65957
15X15       10.0        0.5         0.001       1.1288      -75.103     0.60163     75.103      0.60163     -77.903     -72.302     0.29626     0.90468     72.302      77.903      0.90468     0.29626     -79.954     -75.103     -70.252     0.19916     0.60163     1.00311     70.252      75.103      79.954      1.00311     0.60163     0.19916     0.00836     eq25        6.34609     6.37243     0.12635     -75.10294   2.8005      -0.12635    75.10294    2.8005
15X15       20.0        0.5         0.001       0.65667     -82.565     0.3522      82.565      0.3522      -85.579     -79.551     0.19366     0.51097     79.551      85.579      0.51097     0.19366     -87.785     -82.565     -77.345     0.14253     0.3522      0.56134     77.345      82.565      87.785      0.56134     0.3522      0.14253     0.00754     eq25        3.30921     3.14465     0.06146     -82.56503   3.01354     -0.06146    82.56503    3.01354
15X15       30.0        0.5         0.001       0.37965     -90.05      0.2053      90.05       0.2053      -93.217     -86.884     0.11955     0.29143     86.884      93.217      0.29143     0.11955     -95.535     -90.05      -84.566     0.09257     0.2053      0.31785     84.566      90.05       95.535      0.31785     0.2053      0.09257     0.00414     lt25        1.79171     1.68677     0.03153     -90.05041   3.16631     -0.03153    90.05041    3.16631
8X8         1.5         0.5         0.001       1.7827      -36.511     0.92401     36.511      0.92401     -39.09      -33.933     0.36096     1.48837     33.933      39.09       1.48837     0.36096     -40.978     -36.511     -32.045     0.17605     0.92401     1.67162     32.045      36.511      40.978      1.67162     0.92401     0.17605     0.00369     eq25        13.12011    13.25356    0.25338     -36.51141   2.57868     -0.25338    36.51141    2.57868
8X8         5.0         0.5         0.001       1.509       -37.909     0.78412     37.909      0.78412     -40.592     -35.227     0.33273     1.24036     35.227      40.592      1.24036     0.33273     -42.555     -37.909     -33.263     0.18387     0.78412     1.38661     33.263      37.909      42.555      1.38661     0.78412     0.18387     0.00446     eq25        10.56365    10.34395    0.19728     -37.90935   2.68237     -0.19728    37.90935    2.68237
8X8         10.0        0.5         0.001       1.1336      -39.884     0.59586     39.884      0.59586     -42.664     -37.103     0.27125     0.92493     37.103      42.664      0.92493     0.27125     -44.699     -39.884     -35.068     0.16546     0.59586     1.02902     35.068      39.884      44.699      1.02902     0.59586     0.16546     0.00532     eq25        6.87372     6.78362     0.13663     -39.88352   2.7805      -0.13663    39.88352    2.7805
8X8         20.0        0.5         0.001       0.62571     -43.872     0.33453     43.872      0.33453     -46.843     -40.901     0.16387     0.50606     40.901      46.843      0.50606     0.16387     -49.017     -43.872     -38.726     0.10854     0.33453     0.5596      38.726      43.872      49.017      0.5596      0.33453     0.10854     0.00471     eq25        3.58315     3.22503     0.06685     -43.87172   2.97081     -0.06685    43.87172    2.97081
8X8         30.0        0.5         0.001       0.34997     -47.833     0.18998     47.833      0.18998     -50.965     -44.702     0.09706     0.28196     44.702      50.965      0.28196     0.09706     -53.257     -47.833     -42.409     0.06823     0.18998     0.31166     42.409      47.833      53.257      0.31166     0.18998     0.06823     0.0034      eq25        1.71273     1.76476     0.03434     -47.83333   3.13148     -0.03434    47.83333    3.13148
