FS          d_cm        ini_bin     bin         D(0)        p1d1sx      D(p1d1sx)   p1d1dx      D(p1d1dx)   p1d2sx      p2d2sx      D(p1d2sx)   D(p2d2sx)   p1d2dx      p2d2dx      D(p1d2dx)   D(p2d2dx)   p1d3sx      p2d3sx      p3d3sx      D(p1d3sx)   D(p2d3sx)   D(p3d3sx)   p1d3dx      p2d3dx      p3d3dx      D(p1d3dx)   D(p2d3dx)   D(p3d3dx)   D(IP-25)    off25       params
2X2         1.5         0.5         0.1         3.7226      -8.8        1.92502     8.8         1.92502     -11.4       -6.3        0.66789     3.13036     6.3         11.4        3.13036     0.66789     -13.3       -8.8        -4.4        0.24929     1.92502     3.54624     4.4         8.8         13.3        3.54624     1.92502     0.24929     0.00189     eq25        0.56495     -8.84737    -2.54781    -0.56495    8.84737     -2.54781
2X2         5.0         0.5         0.1         3.0008      -9.2        1.5387      9.2         1.5387      -11.8       -6.6        0.5616      2.51694     6.6         11.8        2.51694     0.5616      -13.7       -9.2        -4.7        0.238       1.5387      2.8469      4.7         9.2         13.7        2.8469      1.5387      0.238       0.00224     eq25        0.43882     -9.18598    -2.6124     -0.43882    9.18598     -2.6124
2X2         10.0        0.5         0.1         2.1565      -9.7        1.1003      9.7         1.1003      -12.3       -7.0        0.4234      1.8192      7.0         12.3        1.8192      0.4234      -14.3       -9.7        -5.1        0.1838      1.1003      2.03428     5.1         9.7         14.3        2.03428     1.1003      0.1838      0.00241     eq25        0.30492     -9.67216    -2.66777    -0.30492    9.67216     -2.66777
2X2         20.0        0.5         0.1         1.1353      -10.6       0.59286     10.6        0.59286     -13.5       -7.8        0.22243     0.95244     7.8         13.5        0.95244     0.22243     -15.5       -10.6       -5.7        0.10594     0.59286     1.0725      5.7         10.6        15.5        1.0725      0.59286     0.10594     0.00189     eq25        0.14988     -10.63257   -2.83588    -0.14988    10.63257    -2.83588
2X2         30.0        0.5         0.1         0.6186      -11.6       0.32134     11.6        0.32134     -14.6       -8.6        0.12393     0.51776     8.6         14.6        0.51776     0.12393     -16.8       -11.6       -6.4        0.0585      0.32134     0.58408     6.4         11.6        16.8        0.58408     0.32134     0.0585      0.00125     eq25        0.07678     -11.6004    -3.00592    -0.07678    11.6004     -3.00592
3X3         1.5         0.5         0.1         2.7588      -46.0       0.01665     45.9        0.01669     -0.1        -46.0       2.7587      0.01665     45.9        0.0         0.01669     2.7588      -46.0       45.9        -46.0       0.01665     0.01669     0.01665     45.8        45.9        45.9        0.01673     0.01669     0.01669     0.00166     lt25        0.05793     -96.98259   -4.79818    -0.0545     97.11644    -6.21795
3X3         5.0         0.5         0.1         2.2545      -48.0       0.01835     47.9        0.01838     -48.0       -48.0       0.01835     0.01835     47.9        0.0         0.01838     2.2545      -48.0       47.9        -48.0       0.01835     0.01838     0.01835     47.8        47.9        47.9        0.0184      0.01838     0.01838     0.00184     lt25        0.04988     -97.61677   -0.87315    -0.04724    97.9075     -2.40213
3X3         10.0        0.5         0.1         1.6295      -14.7       0.84481     14.7        0.84481     -17.4       -12.0       0.33392     1.3648      12.0        17.4        1.3648      0.33392     -19.4       -14.7       -10.0       0.16208     0.84481     1.5265      10.0        14.7        19.4        1.5265      0.84481     0.16208     0.00289     eq25        0.22144     -14.71093   -2.70513    -0.22144    14.71093    -2.70513
3X3         20.0        0.5         0.1         0.85964     -16.2       0.4469      16.2        0.4469      -19.0       -13.3       0.18327     0.71959     13.3        19.0        0.71959     0.18327     -21.1       -16.2       -11.2       0.09569     0.4469      0.80709     11.2        16.2        21.1        0.80709     0.4469      0.09569     0.00238     eq25        0.10913     -16.16157   -2.86288    -0.10913    16.16157    -2.86289
3X3         30.0        0.5         0.1         0.47044     -17.6       0.24993     17.6        0.24993     -20.7       -14.6       0.10153     0.39304     14.6        20.7        0.39304     0.10153     -22.9       -17.6       -12.4       0.05488     0.24993     0.43987     12.4        17.6        22.9        0.43987     0.24993     0.05487     0.00161     eq25        0.05603     -17.64392   -3.01506    -0.05603    17.64392    -3.01506
4X4         1.5         0.5         0.1         1.8932      -18.1       0.96542     18.1        0.96542     -20.6       -15.5       0.36742     1.5832      15.5        20.6        1.5832      0.36742     -22.5       -18.1       -13.6       0.15631     0.96542     1.78784     13.6        18.1        22.5        1.78784     0.96542     0.15631     0.0015      lt25        0.27873     -18.08065   -2.56453    -0.27873    18.08065    -2.56453
4X4         5.0         0.5         0.1         1.5666      -18.8       0.80025     18.8        0.80025     -21.4       -16.1       0.31911     1.30796     16.1        21.4        1.30796     0.31911     -23.3       -18.8       -14.2       0.15548     0.80025     1.4664      14.2        18.8        23.3        1.4664      0.80025     0.15548     0.0024      eq25        0.21773     -18.76071   2.64809     -0.21773    18.76071    2.64809
4X4         10.0        0.5         0.1         1.1389      1.0         1.1389      -55.0       0.0188      -0.1        -55.0       1.1389      0.0188      2.0         0.0         1.1389      1.1389      -0.7        1.0         -0.7        1.1389      1.1389      1.1389      1.0         2.7         2.0         1.1389      1.13834     1.1389      0.01436     eq25        1           1           1           1           1           1
4X4         20.0        0.5         0.1         0.60543     -61.0       0.01545     60.9        0.01549     -0.1        -61.0       0.60543     0.01545     60.9        0.0         0.01549     0.60543     -61.0       60.9        -61.0       0.01545     0.01549     0.01545     60.8        60.9        60.9        0.01553     0.01549     0.01549     0.00154     lt25        0.0089      -107.52442  -4.86434    -0.00823    108.16862   -5.80872
4X4         30.0        0.5         0.1         0.33272     -23.7       0.17733     23.7        0.17733     -26.8       -20.6       0.07683     0.27725     20.6        26.8        0.27725     0.07683     -29.0       -23.7       -18.4       0.04527     0.17733     0.30919     18.4        23.7        29.0        0.30919     0.17733     0.04527     0.00164     eq25        0.03778     -23.69452   -3.07658    -0.03778    23.69452    3.07658
6X6         1.5         0.5         0.1         1.9337      -27.3       0.99269     27.3        0.99269     -29.9       -24.7       0.37189     1.61392     24.7        29.9        1.61392     0.37189     -31.7       -27.3       -22.8       0.18018     0.99269     1.82128     22.8        27.3        31.7        1.82128     0.99269     0.18018     0.00299     eq25        0.27937     -27.28491   -2.57156    -0.27937    27.28491    -2.57155
6X6         5.0         0.5         0.1         1.6217      -28.3       0.84779     28.3        0.84779     -31.0       -25.7       0.33847     1.33438     25.7        31.0        1.33438     0.33847     -32.9       -28.3       -23.7       0.18121     0.84779     1.50398     23.7        28.3        32.9        1.50398     0.84779     0.18121     0.00267     lt25        0.21794     -28.32916   2.66548     -0.21794    28.32916    2.66548
6X6         10.0        0.5         0.1         1.1988      -29.8       0.63185     29.8        0.63185     -32.6       -27.1       0.2718      0.98654     27.1        32.6        0.98654     0.2718      -34.6       -29.8       -25.0       0.15833     0.63185     1.1054      25.0        29.8        34.6        1.1054      0.63185     0.15833     0.0044      eq25        0.15109     -29.81115   2.7504      -0.15109    29.81115    -2.7504
6X6         20.0        0.5         0.1         0.64969     -32.8       0.34506     32.8        0.34506     -35.7       -29.8       0.16189     0.53519     29.8        35.7        0.53519     0.16189     -37.9       -32.8       -27.7       0.09999     0.34506     0.59403     27.7        32.8        37.9        0.59403     0.34506     0.09999     0.00383     eq25        0.0738      -32.77152   -2.94665    -0.0738     32.77152    2.94665
6X6         30.0        0.5         0.1         0.36011     -35.8       0.19276     35.8        0.19276     -38.9       -32.7       0.09219     0.29389     32.7        38.9        0.29389     0.09219     -41.1       -35.8       -30.4       0.061       0.19276     0.32768     30.4        35.8        41.1        0.32768     0.19276     0.061       0.00183     lt25        0.03785     -35.76179   -3.10808    -0.03785    35.76179    -3.10807
8X8         1.5         0.5         0.1         1.7827      -36.5       0.92681     36.5        0.92681     -39.1       -33.9       0.35969     1.49254     33.9        39.1        1.49254     0.35969     -41.0       -36.5       -32.0       0.1745      0.92681     1.6747      32.0        36.5        41.0        1.6747      0.92681     0.1745      0.00369     eq25        0.25338     -36.51141   2.57868     -0.25338    36.51141    2.57868
8X8         5.0         0.5         0.1         1.509       -37.9       0.78591     37.9        0.78591     -40.6       -35.2       0.33175     1.24396     35.2        40.6        1.24396     0.33175     -42.6       -37.9       -33.3       0.18195     0.78591     1.38494     33.3        37.9        42.6        1.38494     0.78591     0.18195     0.00446     eq25        0.19728     -37.90935   2.68238     -0.19728    37.90935    2.68237
8X8         10.0        0.5         0.1         1.1336      -39.9       0.59364     39.9        0.59364     -42.7       -37.1       0.26813     0.92521     37.1        42.7        0.92521     0.26813     -44.7       -39.9       -35.1       0.16542     0.59364     1.02786     35.1        39.9        44.7        1.02786     0.59364     0.16542     0.00532     eq25        0.13663     -39.88352   2.78051     -0.13663    39.88352    2.78051
8X8         20.0        0.5         0.1         0.62571     -43.9       0.33264     43.9        0.33264     -46.8       -40.9       0.16577     0.50609     40.9        46.8        0.50609     0.16577     -49.0       -43.9       -38.7       0.10873     0.33264     0.55994     38.7        43.9        49.0        0.55994     0.33264     0.10873     0.0047      eq25        0.06685     -43.87172   2.97081     -0.06685    43.87172    2.97081
8X8         30.0        0.5         0.1         0.34997     -47.8       0.19115     47.8        0.19115     -51.0       -44.7       0.09625     0.28199     44.7        51.0        0.28199     0.09625     -53.3       -47.8       -42.4       0.06794     0.19115     0.31173     42.4        47.8        53.3        0.31173     0.19115     0.06794     0.0034      eq25        0.03434     -47.83333   3.13147     -0.03434    47.83333    3.13149
10X10       1.5         0.5         0.1         2.0825      -45.8       1.07382     45.8        1.07382     -48.3       -43.2       0.44352     1.739       43.2        48.3        1.739       0.44352     -50.2       -45.8       -41.3       0.22259     1.07382     1.95578     41.3        45.8        50.2        1.95578     1.07382     0.22259     0.00419     lt25        0.2962      -45.75373   2.56215     -0.2962     45.75373    2.56215
10X10       5.0         0.5         0.1         1.7762      -47.5       0.92663     47.5        0.92663     -50.1       -44.8       0.40873     1.46152     44.8        50.1        1.46152     0.40873     -52.1       -47.5       -42.9       0.23043     0.92663     1.62808     42.9        47.5        52.1        1.62808     0.92663     0.23043     0.00645     eq25        0.23046     -47.48546   2.66387     -0.23046    47.48546    2.66387
10X10       10.0        0.5         0.1         1.3465      -50.0       0.70578     50.0        0.70578     -52.7       -47.2       0.33973     1.08956     47.2        52.7        1.08956     0.33973     -54.8       -50.0       -45.1       0.21124     0.70578     1.21652     45.1        50.0        54.8        1.21652     0.70578     0.21124     0.00753     eq25        0.15839     -49.95784   2.78563     -0.15839    49.95784    2.78562
10X10       20.0        0.5         0.1         0.75771     -54.9       0.41065     54.9        0.41065     -57.9       -52.0       0.20848     0.60485     52.0        57.9        0.60485     0.20848     -60.1       -54.9       -49.8       0.14528     0.41065     0.66935     49.8        54.9        60.1        0.66935     0.41065     0.14528     0.0068      eq25        0.07765     -54.94096   2.972       -0.07765    54.94096    2.972
10X10       30.0        0.5         0.1         0.42718     -59.9       0.23373     59.9        0.23373     -63.1       -56.7       0.12496     0.34112     56.7        63.1        0.34112     0.12496     -65.5       -59.9       -54.4       0.09059     0.23373     0.37522     54.4        59.9        65.5        0.37522     0.23373     0.09059     0.0049      eq25        0.03932     -59.92273   3.19545     -0.03932    59.92273    3.19544
12X12       1.5         0.5         0.1         1.6695      -54.9       0.89161     54.9        0.89161     -57.5       -52.4       0.36512     1.398       52.4        57.5        1.398       0.36512     -59.4       -54.9       -50.5       0.19035     0.89161     1.5758      50.5        54.9        59.4        1.5758      0.89161     0.19035     0.00507     eq25        0.23676     -54.93549   2.56481     -0.23676    54.93549    2.56481
12X12       5.0         0.5         0.1         1.43        -57.0       0.75756     57.0        0.75756     -59.7       -54.3       0.33309     1.18158     54.3        59.7        1.18158     0.33309     -61.6       -57.0       -52.4       0.19962     0.75756     1.31436     52.4        57.0        61.6        1.31436     0.75756     0.19962     0.00605     eq25        0.18411     -57.0053    2.67074     -0.18411    57.0053     2.67074
12X12       10.0        0.5         0.1         1.0979      -60.0       0.58368     60.0        0.58368     -62.8       -57.2       0.27904     0.88703     57.2        62.8        0.88703     0.27904     -64.9       -60.0       -55.2       0.18007     0.58368     0.98301     55.2        60.0        64.9        0.98301     0.58368     0.18007     0.00706     eq25        0.12627     -60.00349   2.79971     -0.12627    60.00349    2.7997
12X12       20.0        0.5         0.1         0.62625     -66.0       0.33427     66.0        0.33427     -69.0       -63.0       0.17597     0.49536     63.0        69.0        0.49536     0.17597     -71.2       -66.0       -60.8       0.12698     0.33427     0.54584     60.8        66.0        71.2        0.54584     0.33427     0.12698     0.00631     eq25        0.06147     -65.96896   3.00472     -0.06147    65.96896    3.00471
12X12       30.0        0.5         0.1         0.35758     -72.0       0.19327     72.0        0.19327     -75.1       -68.8       0.1088      0.28006     68.8        75.1        0.28006     0.1088      -77.4       -72.0       -66.5       0.08162     0.19327     0.30696     66.5        72.0        77.4        0.30696     0.19327     0.08162     0.00458     eq25        0.03164     -71.96659   3.15168     -0.03164    71.96659    3.15168
15X15       1.5         0.5         0.1         1.6897      -68.7       0.91208     68.7        0.91208     -71.3       -66.2       0.38053     1.42618     66.2        71.3        1.42618     0.38053     -73.2       -68.7       -64.3       0.20375     0.91208     1.59782     64.3        68.7        73.2        1.59782     0.91208     0.20375     0.0062      eq25        0.23922     -68.74963   2.54814     -0.23922    68.74963    2.54814
15X15       5.0         0.5         0.1         1.4548      -71.4       0.76694     71.4        0.76694     -74.0       -68.7       0.35013     1.19658     68.7        74.0        1.19658     0.35013     -76.0       -71.4       -66.8       0.21149     0.76694     1.33252     66.8        71.4        76.0        1.33252     0.76694     0.21149     0.00724     eq25        0.18521     -71.3597    2.65958     -0.18521    71.3597     2.65958
15X15       10.0        0.5         0.1         1.1288      -75.1       0.60201     75.1        0.60201     -77.9       -72.3       0.29652     0.90484     72.3        77.9        0.90484     0.29652     -80.0       -75.1       -70.3       0.1976      0.60201     1.00168     70.3        75.1        80.0        1.00168     0.60201     0.1976      0.00836     eq25        0.12635     -75.10294   2.80051     -0.12635    75.10294    2.80051
15X15       20.0        0.5         0.1         0.65667     -82.6       0.34997     82.6        0.34997     -85.6       -79.6       0.19289     0.50924     79.6        85.6        0.50924     0.19289     -87.8       -82.6       -77.3       0.14231     0.34997     0.562       77.3        82.6        87.8        0.562       0.34997     0.14231     0.00753     eq25        0.06146     -82.56503   3.01356     -0.06146    82.56503    3.01356
15X15       30.0        0.5         0.1         0.37965     -90.1       0.20368     90.1        0.20368     -93.2       -86.9       0.11982     0.29119     86.9        93.2        0.29119     0.11982     -95.5       -90.1       -84.6       0.09283     0.20368     0.31761     84.6        90.1        95.5        0.31761     0.20368     0.09283     0.00549     eq25        0.03153     -90.05041   3.16632     -0.03153    90.05041    3.16633
20X20       1.5         0.5         0.1         1.4791      -91.7       0.7966      91.7        0.7966      -94.2       -89.2       0.35002     1.25144     89.2        94.2        1.25144     0.35002     -96.1       -91.7       -87.3       0.19269     0.7966      1.40244     87.3        91.7        96.1        1.40244     0.7966      0.19269     0.00656     eq25        0.20912     -91.69756   2.53273     -0.20912    91.69756    2.53273
20X20       5.0         0.5         0.1         1.281       -95.2       0.68641     95.2        0.68641     -97.8       -92.6       0.32515     1.048       92.6        97.8        1.048       0.32515     -99.8       -95.2       -90.6       0.20207     0.68641     1.1727      90.6        95.2        99.8        1.1727      0.68641     0.20207     0.00594     lt25        0.16153     -95.18806   2.63739     -0.16153    95.18806    2.63739
20X20       10.0        0.5         0.1         1.0052      -100.2      0.53481     100.2       0.53481     -103.0      -97.4       0.27134     0.79882     97.4        103.0       0.79882     0.27134     -105.0      -100.2      -95.3       0.19042     0.53481     0.88513     95.3        100.2       105.0       0.88513     0.53481     0.19042     0.00693     lt25        0.10943     -100.16956  2.79075     -0.10943    100.16956   2.79075
20X20       20.0        0.5         0.1         0.59893     -110.1      0.32103     110.1       0.32103     -113.2      -107.1      0.1798      0.45651     107.1       113.2       0.45651     0.1798      -115.3      -110.1      -104.9      0.13931     0.32103     0.49861     104.9       110.1       115.3       0.49861     0.32103     0.13931     0.00783     eq25        0.05288     -110.14832  3.00184     -0.05288    110.14832   3.00185
20X20       30.0        0.5         0.1         0.35308     -120.2      0.18614     120.2       0.18614     -123.3      -117.0      0.11465     0.26022     117.0       123.3       0.26022     0.11465     -125.7      -120.2      -114.6      0.09113     0.18614     0.28374     114.6       120.2       125.7       0.28374     0.18614     0.09113     0.00574     eq25        0.02676     -120.15582  3.18523     -0.02676    120.15582   3.18524
30X30       1.5         0.5         0.1         1.338       -137.5      0.74027     137.5       0.74027     -140.0      -135.0      0.3277      1.1631      135.0       140.0       1.1631      0.3277      -141.8      -137.5      -133.2      0.19628     0.74027     1.29134     133.2       137.5       141.8       1.29134     0.74027     0.19628     0.00772     eq25        0.19283     -137.48345  2.4884      -0.19283    137.48345   2.4884
30X30       5.0         0.5         0.1         1.1671      -142.7      0.64333     142.7       0.64333     -145.3      -140.1      0.31605     0.97304     140.1       145.3       0.97304     0.31605     -147.2      -142.7      -138.2      0.20655     0.64333     1.07648     138.2       142.7       147.2       1.07648     0.64333     0.20655     0.00896     eq25        0.14669     -142.72504  2.60754     -0.14669    142.72504   2.60754
30X30       10.0        0.5         0.1         0.93263     -150.2      0.50312     150.2       0.50312     -153.0      -147.4      0.26487     0.73604     147.4       153.0       0.73604     0.26487     -155.0      -150.2      -145.4      0.19308     0.50312     0.81026     145.4       150.2       155.0       0.81026     0.50312     0.19308     0.00987     eq25        0.09811     -150.20677  2.76496     -0.09811    150.20677   2.76496
30X30       20.0        0.5         0.1         0.57207     -165.2      0.29711     165.2       0.29711     -168.2      -162.2      0.1781      0.41699     162.2       168.2       0.41699     0.1781      -170.4      -165.2      -160.0      0.14087     0.29711     0.4559      160.0       165.2       170.4       0.4559      0.29711     0.14087     0.00861     eq25        0.04624     -165.17201  3.00931     -0.04624    165.17201   3.00931
30X30       30.0        0.5         0.1         0.34566     -180.1      0.17667     180.1       0.17667     -183.3      -176.9      0.11368     0.241       176.9       183.3       0.241       0.11368     -185.7      -180.1      -174.6      0.09222     0.17667     0.2598      174.6       180.1       185.7       0.2598      0.17667     0.09222     0.00621     eq25        0.02307     -180.12647  3.21714     -0.02307    180.12647   3.21716
40X40       1.5         0.5         0.1         1.2478      -183.3      0.70713     183.3       0.70713     -186.4      -180.2      0.31195     1.10304     180.2       186.4       1.10304     0.31195     -188.7      -183.3      -178.0      0.17744     0.70713     1.2328      178.0       183.3       188.7       1.2328      0.70713     0.17744     0.0057      eq25        0.14917     -183.33075  3.09313     -0.14917    183.33075   3.09313
40X40       5.0         0.5         0.1         1.0688      -190.3      0.59099     190.3       0.59099     -193.5      -187.1      0.28724     0.89522     187.1       193.5       0.89522     0.28724     -195.9      -190.3      -184.7      0.18589     0.59099     0.99574     184.7       190.3       195.9       0.99574     0.59099     0.18589     0.00633     lt25        0.11038     -190.30415  3.21633     -0.11038    190.30415   3.21633
40X40       10.0        0.5         0.1         0.8344      -200.2      0.44908     200.2       0.44908     -203.5      -196.9      0.24197     0.65634     196.9       203.5       0.65634     0.24197     -205.9      -200.2      -194.5      0.17447     0.44908     0.7205      194.5       200.2       205.9       0.7205      0.44908     0.17447     0.00915     eq25        0.07308     -200.23112  3.29375     -0.07308    200.23112   3.29375
40X40       20.0        0.5         0.1         0.49363     -220.1      0.25039     220.1       0.25039     -223.6      -216.6      0.15138     0.35057     216.6       223.6       0.35057     0.15138     -226.1      -220.1      -214.1      0.12028     0.25039     0.38144     214.1       220.1       226.1       0.38144     0.25039     0.12028     0.00772     eq25        0.03321     -220.08673  3.47305     -0.03321    220.08673   3.47306
40X40       30.0        0.5         0.1         0.28876     -240.0      0.14091     240.0       0.14091     -243.6      -236.4      0.09131     0.19092     236.4       243.6       0.19092     0.09131     -246.3      -240.0      -233.7      0.07528     0.14091     0.20644     233.7       240.0       246.3       0.20644     0.14091     0.07528     0.00528     eq25        0.01606     -239.99911  3.61839     -0.01606    239.99911   3.61839
