FS          d_cm        D(0)        p1d1sx      D(p1d1sx)   p1d1dx      D(p1d1dx)   p1d2sx      p2d2sx      D(p1d2sx)   D(p2d2sx)   p1d2dx      p2d2dx      D(p1d2dx)   D(p2d2dx)   p1d3sx      p2d3sx      p3d3sx      D(p1d3sx)   D(p2d3sx)   D(p3d3sx)   p1d3dx      p2d3dx      p3d3dx      D(p1d3dx)   D(p2d3dx)   D(p3d3dx)   D(IP-25)    off25
04X04       2.0         407.3       -19.75      203.24      19.75       203.24      -23.0       -16.0       61.994      357.2       16.0        23.0        357.2       61.994      -23.25      -22.75      -15.75      55.953      70.434      361.805     15.75       22.75       23.25       361.805     70.434      55.953      0.335       eq25
04X04       5.5         325.41      -20.75      156.2       20.75       156.2       -24.0       -17.0       52.207      278.02      17.0        24.0        278.02      52.207      -24.25      -23.75      -16.75      48.087      58.309      282.06      16.75       23.75       24.25       282.06      58.309      48.087      0.49        eq25
04X04       10.0        240.53      -20.75      144.095     20.75       144.095     -24.5       -17.5       51.837      210.33      17.5        24.5        210.33      51.837      -25.75      -25.25      -17.25      34.793      40.708      212.56      17.25       17.75       25.75       212.56      206.69      34.793      0.611       eq25
04X04       15.0        196.26      -22.75      102.531     22.75       102.531     -26.5       -20.0       37.604      154.51      20.0        26.5        154.51      37.604      -26.75      -20.25      -19.75      35.243      150.185     157.685     19.75       20.25       26.75       157.685     150.185     35.243      0.64        eq25
04X04       20.0        140.52      -24.75      61.685      24.75       61.685      -28.5       -21.0       22.606      110.53      21.0        28.5        110.53      22.606      -28.75      -21.25      -20.75      21.47       107.735     112.45      20.75       21.25       28.75       112.45      107.735     21.47       0.533       eq25
04X04       25.0        101.09      -25.25      50.785      25.25       50.785      -29.0       -21.5       20.299      82.792      21.5        29.0        82.792      20.299      -30.25      -21.75      -21.25      15.164      81.087      84.085      21.25       21.75       30.25       84.085      81.087      15.164      0.452       eq25
04X04       28.5        81.875      -26.25      39.169      26.25       39.169      -30.0       -22.5       15.84       65.15       22.5        30.0        65.15       15.84       -28.25      -27.25      -22.25      24.815      31.486      66.231      22.25       27.25       28.25       66.231      31.486      24.815      0.382       eq25
07X07       2.0         416.58      -31.75      211.16      31.75       211.16      -35.0       -29.0       71.095      329.03      29.0        35.0        329.03      71.095      -36.25      -34.75      -27.75      42.942      79.907      358.88      27.75       34.75       36.25       358.88      79.907      42.942      0.573       eq25
07X07       5.5         342.79      -33.25      166.37      33.25       166.37      -37.0       -30.0       52.309      271.42      30.0        37.0        271.42      52.309      -37.25      -36.75      -29.75      48.837      57.627      276.035     29.75       36.75       37.25       276.035     57.627      48.837      0.825       eq25
07X07       10.0        256.96      -34.75      130.35      34.75       130.35      -38.5       -31.5       48.082      202.69      31.5        38.5        202.69      48.082      -38.75      -32.75      -31.25      45.134      179.195     205.99      31.25       32.75       38.75       205.99      179.195     45.134      1.014       eq25
07X07       15.0        212.97      -36.75      107.605     36.75       107.605     -41.5       -34.0       35.582      157.43      34.0        41.5        157.43      35.582      -41.75      -34.25      -33.75      34.104      153.35      160.695     33.75       34.25       41.75       160.695     153.35      34.104      1.084       eq25
07X07       20.0        152.71      -38.25      82.391      38.25       82.391      -42.5       -35.0       33.16       119.57      35.0        42.5        119.57      33.16       -43.75      -36.25      -34.75      26.117      107.445     121.38      34.75       36.25       43.75       121.38      107.445     26.117      0.963       eq25
07X07       25.0        110.82      -41.25      49.075      41.25       49.075      -45.0       -38.5       22.184      74.749      38.5        45.0        74.749      22.184      -45.25      -38.75      -38.25      21.352      72.457      76.549      38.25       38.75       45.25       76.549      72.457      21.352      0.819       lt25
07X07       28.5        89.903      -42.25      41.789      42.25       41.789      -46.0       -38.5       19.432      67.492      38.5        46.0        67.492      19.432      -46.25      -38.75      -37.25      18.646      66.028      72.867      37.25       38.75       46.25       72.867      66.028      18.646      0.723       lt25
10X10       2.0         424.81      -47.75      196.44      47.75       196.44      -51.0       -45.0       68.741      308.3       45.0        51.0        308.3       68.741      -51.25      -50.75      -43.75      63.002      76.517      338.945     43.75       50.75       51.25       338.945     76.517      63.002      0.861       eq25
10X10       5.5         354.55      -49.75      161.905     49.75       161.905     -53.0       -47.0       65.025      248.8       47.0        53.0        248.8       65.025      -53.25      -52.75      -46.75      60.815      70.939      254.175     46.75       52.75       53.25       254.175     70.939      60.815      1.188       eq25
10X10       10.0        271.45      -52.25      124.735     51.75       136.885     -55.5       -48.5       56.893      202.33      48.5        55.5        202.33      56.893      -56.75      -48.75      -48.25      43.029      198.54      205.095     48.25       48.75       56.75       205.095     198.54      43.029      1.386       eq25
10X10       15.0        225.01      -55.25      107.03      55.25       107.03      -58.5       -52.0       54.842      159.46      52.0        58.5        159.46      54.842      -58.75      -58.25      -51.75      52.099      58.229      162.18      51.75       58.25       58.75       162.18      58.229      52.099      1.55        eq25
10X10       20.0        162.89      -58.25      74.934      58.25       74.934      -61.5       -54.0       40.022      120.14      54.0        61.5        120.14      40.022      -60.75      -60.25      -53.75      46.571      51.502      121.54      53.75       60.25       60.75       121.54      51.502      46.571      1.351       eq25
10X10       25.0        119.72      -61.25      53.258      61.25       53.258      -64.0       -55.5       32.344      92.541      55.5        64.0        92.541      32.344      -64.25      -63.75      -55.25      31.06       34.008      93.218      55.25       63.75       64.25       93.218      34.008      31.06       1.128       eq25
10X10       28.5        97.136      -62.25      48.968      62.25       48.968      -66.0       -58.5       25.982      70.603      58.5        66.0        70.603      25.982      -66.25      -62.25      -58.25      24.997      48.968      71.486      58.25       62.25       66.25       71.486      48.968      24.997      0.984       eq25
15X15       2.0         433.32      -72.25      168.62      72.25       168.62      -75.0       -69.0       71.872      286.43      69.0        75.0        286.43      71.872      -75.25      -74.75      -68.75      66.281      79.024      292.135     68.75       74.75       75.25       292.135     79.024      66.281      1.18        eq25
15X15       5.5         364.39      -74.75      154.965     74.75       154.965     -78.0       -72.0       67.559      232.04      72.0        78.0        232.04      67.559      -78.25      -72.25      -71.75      63.581      225.86      236.685     71.75       72.25       78.25       236.685     225.86      63.581      1.554       eq25
15X15       10.0        283.39      -78.25      126.225     78.25       126.225     -82.5       -75.5       50.887      178.67      75.5        82.5        178.67      50.887      -82.75      -81.25      -75.25      48.753      67.31       181.925     75.25       81.25       82.75       181.925     67.31       48.753      1.797       eq25
15X15       15.0        242.91      -82.75      113.69      82.75       113.69      -87.5       -80.0       48.673      153.04      80.0        87.5        153.04      48.673      -86.75      -86.25      -79.75      55.602      61.072      155.52      79.75       86.25       86.75       155.52      61.072      55.602      2.032       eq25
15X15       20.0        179.42      -87.75      74.334      87.75       74.334      -90.5       -84.0       46.718      112.6       84.0        90.5        112.6       46.718      -90.75      -90.25      -83.75      44.984      48.916      114.225     83.75       90.25       90.75       114.225     48.916      44.984      1.767       eq25
15X15       25.0        132.62      -90.25      68.098      90.25       68.098      -95.0       -87.5       34.238      85.457      87.5        95.0        85.457      34.238      -95.25      -94.75      -87.25      33.145      35.63       86.436      87.25       94.75       95.25       86.436      35.63       33.145      1.531       eq25
15X15       28.5        108.28      -93.75      50.643      93.75       50.643      -98.0       -89.5       27.556      71.615      89.5        98.0        71.615      27.556      -98.25      -98.75      -89.25      26.737      25.154      72.261      89.25       98.75       98.25       72.261      25.154      26.737      1.301       eq25
20X20       2.0         436.21      -96.25      169.325     96.25       169.325     -100.0      -93.0       56.097      269.93      93.0        100.0       269.93      56.097      -100.25     -99.75      -92.75      52.633      61.638      274.065     92.75       99.75       100.25      274.065     61.638      52.633      1.417       eq25
20X20       5.5         371.23      -100.25     140.935     100.25      140.935     -104.0      -97.0       56.618      219.46      97.0        104.0       219.46      56.618      -104.25     -101.75     -96.75      53.76       101.073     223.205     96.75       101.75      104.25      223.205     101.073     53.76       1.775       eq25
20X20       10.0        290.86      -105.25     110.955     105.25      110.955     -108.5      -100.5      57.023      181.88      100.5       108.5       181.88      57.023      -108.75     -108.25     -100.25     54.579      60.346      183.28      100.25      108.25      108.75      183.28      60.346      54.579      1.975       eq25
20X20       15.0        250.07      -110.75     107.25      110.75      107.25      -114.5      -108.0      57.734      142.05      108.0       114.5       142.05      57.734      -114.75     -114.25     -107.75     55.578      60.53       144.175     107.75      114.25      114.75      144.175     60.53       55.578      2.254       eq25
20X20       20.0        186.74      -116.75     75.527      116.75      75.527      -120.5      -112.0      42.953      112.82      112.0       120.5       112.82      42.953      -121.75     -119.25     -111.75     37.035      52.02       113.745     111.75      119.25      121.75      113.745     52.02       37.035      1.98        eq25
20X20       25.0        138.81      -122.25     56.435      122.25      56.435      -126.0      -118.5      33.647      79.064      118.5       126.0       79.064      33.647      -126.25     -125.75     -118.25     32.753      34.877      79.972      118.25      125.75      126.25      79.972      34.877      32.753      1.655       eq25
20X20       28.5        113.78      -126.25     44.345      126.25      44.345      -129.0      -122.0      30.736      64.686      122.0       129.0       64.686      30.736      -131.25     -124.75     -118.25     24.133      52.486      72.122      118.25      124.75      131.25      72.122      52.486      24.133      1.412       eq25
24X24       2.0         441.11      -116.25     162.715     116.25      162.715     -120.0      -113.0      56.633      253.43      113.0       120.0       253.43      56.633      -120.25     -119.75     -112.75     53.27       61.993      257.05      112.75      119.75      120.25      257.05      61.993      53.27       1.567       eq25
24X24       5.5         375.16      -120.75     143.05      120.75      143.05      -125.0      -118.0      54.248      202.96      118.0       125.0       202.96      54.248      -126.25     -122.75     -116.75     43.352      94.368      218.5       116.75      122.75      126.25      218.5       94.368      43.352      1.906       eq25
24X24       10.0        295.42      -126.25     121.26      126.25      121.26      -130.5      -123.5      54.493      161.01      123.5       130.5       161.01      54.493      -130.75     -130.25     -123.25     52.39       57.594      163.025     123.25      130.25      130.75      163.025     57.594      52.39       2.102       eq25
24X24       15.0        256.08      -134.25     98.715      134.25      98.715      -138.0      -130.5      53.997      139.32      130.5       138.0       139.32      53.997      -136.25     -136.75     -130.25     72.487      66.659      140.795     130.25      136.75      136.25      140.795     66.659      72.487      2.335       eq25
24X24       20.0        189.95      -141.75     65.614      141.75      65.614      -145.0      -138.5      41.096      93.394      138.5       145.0       93.394      41.096      -145.25     -144.75     -136.25     39.914      42.61       105.34      136.25      144.75      145.25      105.34      42.61       39.914      2.008       eq25
24X24       25.0        /
24X24       28.5        116.64      -152.25     43.984      152.25      43.984      -156.5      -148.0      26.227      61.765      148.0       156.5       61.765      26.227      -156.75     -156.25     -147.75     25.638      26.986      62.347      147.75      156.25      156.75      62.347      26.986      25.638      1.467       eq25
