FS          d_cm        D(0)        p1d1sx      D(p1d1sx)   p1d1dx      D(p1d1dx)   p1d2sx      p2d2sx      D(p1d2sx)   D(p2d2sx)   p1d2dx      p2d2dx      D(p1d2dx)   D(p2d2dx)   p1d3sx      p2d3sx      p3d3sx      D(p1d3sx)   D(p2d3sx)   D(p3d3sx)   p1d3dx      p2d3dx      p3d3dx      D(p1d3dx)   D(p2d3dx)   D(p3d3dx)   D(IP-25)    off25
04X04       2.0         452.38      -19.75      241.3       19.75       241.3       -23.5       -17.0       65.217      370.13      17.0        23.5        370.13      65.217      -25.25      -19.75      -16.75      31.761      241.3       377.45      16.75       19.75       25.25       377.45      241.3       31.761      0.381       eq25
04X04       5.5         432.77      -20.75      214.29      20.75       214.29      -24.5       -17.0       63.678      367.76      17.0        24.5        367.76      63.678      -23.75      -23.25      -16.75      86.273      103.864     373.175     16.75       23.25       23.75       373.175     103.864     86.273      0.606       eq25
04X04       10.0        314.98      -21.75      158.805     21.75       158.805     -25.5       -18.0       52.754      264.87      18.0        25.5        264.87      52.754      -25.75      -25.25      -17.75      48.892      57.975      268.845     17.75       25.25       25.75       268.845     57.975      48.892      0.732       eq25
04X04       15.0        222.13      -22.75      116.025     22.75       116.025     -26.5       -19.0       42.408      186.7       19.0        26.5        186.7       42.408      -25.75      -25.25      -18.75      53.864      62.626      189.365     18.75       25.25       25.75       189.365     62.626      53.864      0.703       eq25
04X04       20.0        158.72      -23.75      85.448      23.75       85.448      -27.5       -19.0       33.528      140.86      19.0        27.5        140.86      33.528      -27.75      -27.25      -18.75      31.401      36.285      142.035     18.75       27.25       27.75       142.035     36.285      31.401      0.613       eq25
04X04       25.0        115.02      -24.75      63.541      24.75       63.541      -28.5       -21.0       26.29       96.914      21.0        28.5        96.914      26.29       -28.75      -28.25      -20.75      24.737      28.375      98.116      20.75       28.25       28.75       98.116      28.375      24.737      0.508       eq25
04X04       28.5        93.434      -25.75      49.368      25.75       49.368      -29.5       -22.0       20.56       76.813      22.0        29.5        76.813      20.56       -22.75      -23.75      -21.75      72.599      65.811      77.944      21.75       23.75       22.75       77.944      65.811      72.599      0.434       eq25
07X07       2.0         464.65      -31.75      236.415     31.75       236.415     -35.0       -28.0       82.607      391.43      28.0        35.0        391.43      82.607      -37.75      -31.75      -23.25      30.71       236.415     437.14      23.25       31.75       37.75       437.14      236.415     30.71       0.646       eq25
07X07       5.5         445.24      -33.25      206.39      33.25       206.39      -36.5       -30.0       78.18       341.82      30.0        36.5        341.82      78.18       -36.75      -30.25      -28.75      72.228      333.14      373.275     28.75       30.25       36.75       373.275     333.14      72.228      0.988       eq25
07X07       10.0        329.63      -34.25      175.99      34.25       175.99      -38.5       -31.0       59.433      262.79      31.0        38.5        262.79      59.433      -38.75      -32.25      -30.75      55.691      235.085     266.79      30.75       32.25       38.75       266.79      235.085     55.691      1.216       eq25
07X07       15.0        236.65      -36.75      112.21      36.75       112.21      -40.5       -32.0       45.243      195.87      32.0        40.5        195.87      45.243      -40.75      -32.25      -31.75      42.759      193.145     197.93      31.75       32.25       40.75       197.93      193.145     42.759      1.166       eq25
07X07       20.0        172.71      -38.75      80.059      38.75       80.059      -42.5       -35.0       34.206      131.74      35.0        42.5        131.74      34.206      -42.75      -42.25      -34.75      32.517      36.341      134.03      34.75       42.25       42.75       134.03      36.341      32.517      1.051       lt25
07X07       25.0        125.04      -39.75      67.106      39.75       67.106      -45.0       -35.5       22.949      102.25      35.5        45.0        102.25      22.949      -45.25      -35.75      2.75        22.035      100.864     124.845     -2.75       35.75       45.25       124.845     100.864     22.035      0.91        lt25
07X07       28.5        102.46      -41.25      52.995      41.25       52.995      -45.0       -37.5       25.212      80.033      37.5        45.0        80.033      25.212      -45.25      -37.75      -37.25      24.087      78.613      81.132      37.25       37.75       45.25       81.132      78.613      24.087      0.886       lt25
10X10       2.0         478.66      -47.75      222.535     47.75       222.535     -51.0       -44.0       79.133      375.92      44.0        51.0        375.92      79.133      -51.25      -44.25      -43.75      72.6        368.875     380.88      43.75       44.25       51.25       380.88      368.875     72.6        0.951       eq25
10X10       5.5         457.79      -49.75      199.545     49.75       199.545     -53.5       -46.0       68.231      342.21      46.0        53.5        342.21      68.231      -53.75      -53.25      -45.75      63.863      74.337      347.74      45.75       53.25       53.75       347.74      74.337      63.863      1.419       eq25
10X10       10.0        348.39      -52.25      154.04      52.25       154.04      -55.5       -48.0       69.455      264.1       48.0        55.5        264.1       69.455      -55.75      -48.25      -47.75      65.535      259.53      267.4       47.75       48.25       55.75       267.4       259.53      65.535      1.691       eq25
10X10       15.0        253.72      -54.75      118.795     54.75       118.795     -58.5       -51.0       52.978      186.36      51.0        58.5        186.36      52.978      -58.75      -58.25      -49.75      50.52       56.216      198.72      49.75       58.25       58.75       198.72      56.216      50.52       1.689       eq25
10X10       20.0        185.86      -57.75      83.68       57.75       83.68       -61.5       -54.0       39.768      132.13      54.0        61.5        132.13      39.768      -61.75      -61.25      -53.75      38.139      41.842      134.235     53.75       61.25       61.75       134.235     41.842      38.139      1.485       eq25
10X10       25.0        137.29      -60.25      64.64       60.25       64.64       -64.5       -57.0       29.766      94.794      57.0        64.5        94.794      29.766      -64.75      -64.25      -56.75      28.695      31.149      96.451      56.75       64.25       64.75       96.451      31.149      28.695      1.254       eq25
10X10       28.5        111.88      -62.25      51.174      62.25       51.174      -66.0       -58.5       26.306      78.523      58.5        66.0        78.523      26.306      -66.25      -58.75      -58.25      25.361      76.999      79.736      58.25       58.75       66.25       79.736      76.999      25.361      1.078       eq25
15X15       2.0         487.26      -71.75      210.745     71.75       210.745     -76.0       -69.0       56.207      322.47      69.0        76.0        322.47      56.207      -76.25      -69.25      -67.75      52.54       313.965     352.03      67.75       69.25       76.25       352.03      313.965     52.54       1.314       eq25
15X15       5.5         474.31      -74.25      205.05      74.25       205.05      -77.0       -70.5       104.17      328.9       70.5        77.0        328.9       104.17      -77.25      -76.75      -70.25      97.397      112.49      333.185     70.25       76.75       77.25       333.185     112.49      97.397      1.896       eq25
15X15       10.0        365.14      -78.25      151.465     78.25       151.465     -81.0       -73.5       82.367      256.01      73.5        81.0        256.01      82.367      -80.25      -80.75      -73.25      98.868      87.832      258.42      73.25       80.75       80.25       258.42      87.832      98.868      2.193       eq25
15X15       15.0        270.34      -81.25      134.13      81.25       134.13      -85.0       -78.5       67.946      177.08      78.5        85.0        177.08      67.946      -84.25      -84.75      -76.25      79.398      71.742      194.45      76.25       84.75       84.25       194.45      71.742      79.398      2.221       eq25
15X15       20.0        199.97      -86.25      87.275      86.25       87.275      -89.0       -81.5       54.211      136.57      81.5        89.0        136.57      54.211      -89.25      -88.75      -81.25      52.023      56.886      137.745     81.25       88.75       89.25       137.745     56.886      52.023      1.939       eq25
15X15       25.0        149.47      -90.25      66.432      90.25       66.432      -94.0       -85.5       36.466      101.15      85.5        94.0        101.15      36.466      -93.25      -92.75      -85.25      41.187      44.733      102.04      85.25       92.75       93.25       102.04      44.733      41.187      1.638       eq25
15X15       28.5        121.38      -92.25      59.986      92.25       59.986      -95.0       -86.5       40.492      86.723      86.5        95.0        86.723      40.492      -95.25      -94.75      -86.25      38.991      42.301      86.979      86.25       94.75       95.25       86.979      42.301      38.991      1.421       eq25
20X20       2.0         483.99      -95.75      195.915     95.75       195.915     -99.0       -93.0       78.161      293.4       93.0        99.0        293.4       78.161      -100.25     -99.75      -91.75      52.959      61.618      318.435     91.75       99.75       100.25      318.435     61.618      52.959      1.528       eq25
20X20       5.5         480.99      -98.75      210.475     98.75       210.475     -104.0      -96.5       60.854      281.57      96.5        104.0       281.57      60.854      -104.25     -96.75      -96.25      58.1        274.86      287.08      96.25       96.75       104.25      287.08      274.86      58.1        2.227       eq25
20X20       10.0        373.43      -104.25     149.655     104.25      149.655     -108.0      -100.5      69.072      227.39      100.5       108.0       227.39      69.072      -109.25     -100.75     -100.25     55.522      223.675     230.315     100.25      100.75      109.25      230.315     223.675     55.522      2.47        eq25
20X20       15.0        280.02      -109.75     112.52      109.75      112.52      -113.0      -106.5      63.222      161.49      106.5       113.0       161.49      63.222      -115.25     -111.25     -106.25     45.578      87.579      164.045     106.25      111.25      115.25      164.045     87.579      45.578      2.425       eq25
20X20       20.0        208.82      -114.75     90.346      114.75      90.346      -119.0      -111.5      46.558      121.89      111.5       119.0       121.89      46.558      -120.25     -112.75     -111.25     39.856      111.6       123.425     111.25      112.75      120.25      123.425     111.6       39.856      2.176       eq25
20X20       25.0        156.45      -120.75     63.243      120.75      63.243      -123.5      -117.5      42.393      87.325      117.5       123.5       87.325      42.393      -125.25     -123.25     -112.75     33.739      44.064      101.635     112.75      123.25      125.25      101.635     44.064      33.739      1.816       eq25
20X20       28.5        128.23      -123.75     55.942      123.75      55.942      -128.5      -121.0      29.497      71.565      121.0       128.5       71.565      29.497      -121.75     -121.25     -120.75     67.89       70.351      72.552      120.75      121.25      121.75      72.552      70.351      67.89       1.618       lt25
24X24       2.0         /
24X24       5.5         486.64      -120.75     161.41      120.75      161.41      -123.0      -116.5      94.535      279.36      116.5       123.0       279.36      94.535      -125.75     -122.75     -114.25     51.727      101.237     303.605     114.25      122.75      125.75      303.605     101.237     51.727      2.311       eq25
24X24       10.0        379.93      -126.25     139.085     126.25      139.085     -130.0      -123.0      66.19       204.79      123.0       130.0       204.79      66.19       -128.25     -127.75     -121.25     95.213      105.494     223.795     121.25      127.75      128.25      223.795     105.494     95.213      2.61        eq25
24X24       15.0        286.98      -132.75     107.8       132.25      115.6       -136.0      -130.0      62.354      146.97      130.0       136.0       146.97      62.354      -135.25     -134.75     -126.25     71.26       77.832      171.725     126.25      134.75      135.25      171.725     77.832      71.26       2.535       eq25
24X24       20.0        214.97      -139.25     83.191      139.25      83.191      -143.0      -137.0      47.551      105.54      135.5       143.0       116.4       47.551      -141.25     -142.75     -132.25     62.343      49.477      127.975     132.25      142.75      141.25      127.975     49.477      62.343      2.505       lt25
24X24       25.0        161.62      -145.25     67.355      145.25      67.355      -148.0      -143.0      46.893      82.051      143.0       148.0       82.051      46.893      -148.25     -147.75     -139.25     45.338      48.715      94.151      139.25      147.75      148.25      94.151      48.715      45.338      1.911       eq25
24X24       28.5        132.53      -150.25     51.079      150.25      51.079      -153.0      -144.5      35.6        75.217      144.5       153.0       75.217      35.6        -153.25     -144.75     -144.25     34.52       74.648      75.618      144.25      144.75      153.25      75.618      74.648      34.52       1.637       eq25
