FS          d_cm        ini_bin     bin         D(0)        p1d1sx      D(p1d1sx)   p1d1dx      D(p1d1dx)   p1d2sx      p2d2sx      D(p1d2sx)   D(p2d2sx)   p1d2dx      p2d2dx      D(p1d2dx)   D(p2d2dx)   p1d3sx      p2d3sx      p3d3sx      D(p1d3sx)   D(p2d3sx)   D(p3d3sx)   p1d3dx      p2d3dx      p3d3dx      D(p1d3dx)   D(p2d3dx)   D(p3d3dx)   D(IP-25)    off25       chi2sx      chi2dx      params
4X4         2.0         0.5         0.001       426.97      -19.929     213.40608   19.929      213.40608   -22.972     -16.885     74.50067    350.8228    16.885      22.972      350.8228    74.50067    -25.2       -19.929     -14.658     29.6998     213.40608   395.89196   14.658      19.929      25.2        395.89196   213.40608   29.6998     0.29203     lt25        0.20544     0.19502     52.6732     -19.92879   3.04333     -52.6732    19.92879    3.04333
4X4         5.5         0.5         0.001       376.59      -20.66      190.428     20.66       190.428     -23.89      -17.43      70.5608     309.642     17.43       23.89       309.642     70.5608     -26.254     -20.66      -15.066     31.56184    190.428     349.01284   15.066      20.66       26.254      349.01284   190.428     31.56184    0.55506     eq25        0.1462      0.13972     43.04927    -20.65997   3.22955     -43.04927   20.65997    3.22955
4X4         10.0        0.5         0.001       276.25      -21.679     141.25184   21.679      141.25184   -25.022     -18.335     55.13028    226.9782    18.335      25.022      226.9782    55.13028    -27.47      -21.679     -15.887     27.10396    141.25184   255.14574   15.887      21.679      27.47       255.14574   141.25184   27.10396    0.66786     eq25        0.09379     0.09024     29.88631    -21.67867   3.34355     -29.88631   21.67867    3.34355
4X4         15.0        0.5         0.001       209.64      -22.855     108.1301    22.855      108.1301    -26.362     -19.348     43.36068    172.64448   19.348      26.362      172.64448   43.36068    -28.929     -22.855     -16.781     22.51977    108.1301    193.5798    16.781      22.855      28.929      193.5798    108.1301    22.51977    0.60796     lt25        0.06946     0.07194     21.4143     -22.85485   3.50703     -21.4143    22.85485    3.50703
4X4         20.0        0.5         0.001       149.87      -23.998     77.73803    23.998      77.73803    -27.618     -20.379     31.86928    123.14334   20.379      27.618      123.14334   31.86928    -30.267     -23.998     -17.729     17.02093    77.73803    137.98682   17.729      23.998      30.267      137.98682   77.73803    17.02093    0.59776     eq25        0.04911     0.04227     14.69317    -23.99825   3.61934     -14.69317   23.99825    3.61934
4X4         25.0        0.5         0.001       108.45      -25.119     56.42149    25.119      56.42149    -28.85      -21.388     23.5257     89.05254    21.388      28.85       89.05254    23.5257     -31.581     -25.119     -18.657     13.02848    56.42149    99.64284    18.657      25.119      31.581      99.64284    56.42149    13.02848    0.46967     eq25        0.04189     0.04088     10.2147     -25.11895   3.73105     -10.2147    25.11895    3.73105
4X4         28.5        0.5         0.001       87.956      -25.87      45.9422     25.87       45.9422     -29.666     -22.074     19.21742    71.84202    22.074      29.666      71.84202    19.21742    -32.445     -25.87      -19.295     10.76794    45.9422     80.62014    19.294      25.87       32.445      80.62185    45.9422     10.76794    0.42697     eq25        0.03458     0.03349     8.10299     -25.86996   3.79634     -8.10298    25.86996    3.79635
24X24       2.0         0.5         0.001       465.0       -116.261    165.99538   116.261     165.99538   -119.362    -113.159    70.3984     260.76078   113.159     119.362     260.76078   70.3984     -121.632    -116.261    -110.889    39.22475    165.99538   291.67818   110.889     116.261     121.632     291.67818   165.99538   39.22475    1.63038     eq25        0.16268     0.13982     35.71383    -116.26062  3.10121     -35.71383   116.26062   3.10121
24X24       5.5         0.5         0.001       440.35      -120.654    159.09696   120.654     159.09696   -124.036    -117.272    72.90084    243.75672   117.272     124.036     243.75672   72.90084    -126.511    -120.654    -114.797    45.98385    159.09696   271.02356   114.797     120.654     126.511     271.02356   159.09696   45.98385    2.17118     eq25        0.11218     0.10064     29.2857     -120.65393  3.38162     -29.28569   120.65393   3.38162
24X24       10.0        0.5         0.001       345.03      -126.59     126.4986    126.59      126.4986    -130.147    -123.032    64.25277    188.4028    123.032     130.147     188.4028    64.25277    -132.751    -126.59     -120.428    44.63628    126.4986    208.1264    120.428     126.59      132.751     208.1264    126.4986    44.63628    2.40963     eq25        0.07877     0.07162     20.26085    -126.58951  3.55717     -20.2609    126.58952   3.55715
24X24       15.0        0.5         0.001       271.1       -133.467    101.37002   133.467     101.37002   -137.335    -129.6      54.85605    147.032     129.6       137.335     147.032     54.85605    -140.166    -133.467    -126.769    40.45686    101.37002   161.28932   126.769     133.467     140.166     161.28932   101.37002   40.45686    2.42107     eq25        0.06039     0.05056     13.82982    -133.46748  3.86722     -13.82982   133.46748   3.86722
24X24       20.0        0.5         0.001       202.74      -140.096    76.67292    140.096     76.67292    -144.109    -136.083    43.56678    108.81686   136.083     144.109     108.81686   43.56678    -147.047    -140.096    -133.145    33.39258    76.67292    119.104     133.145     140.096     147.047     119.104     76.67292    33.39258    2.418       lt25        0.04771     0.04326     9.45862     -140.09579  4.0132      -9.45862    140.09579   4.0132
24X24       25.0        /
24X24       28.5        0.5         0.001       124.62      -151.106    47.76852    151.106     47.76852    -155.408    -146.803    28.24224    66.57963    146.803     155.408     66.57963    28.24224    -158.557    -151.106    -143.654    22.26699    47.76852    72.39678    143.654     151.106     158.557     72.39678    47.76852    22.26699    1.5345      eq25        0.05594     0.05393     5.14345     -151.10552  4.30222     -5.14345    151.10552   4.30223
15X15       2.0         0.5         0.001       456.09      -71.864     192.82896   71.864      192.82896   -75.007     -68.721     75.09537    307.88898   68.721      75.007      307.88898   75.09537    -77.307     -71.864     -66.421     38.07153    192.82896   345.52048   66.421      71.864      77.307      345.52048   192.82896   38.07153    0.91218     lt25        0.17827     0.15422     42.96933    -71.86407   3.14262     -42.96932   71.86407    3.14262
15X15       5.5         0.5         0.001       416.41      -74.538     178.38292   74.538      178.38292   -77.913     -71.162     76.32695    278.7722    71.162      77.913      278.7722    76.32695    -80.384     -74.538     -68.691     44.06954    178.38292   310.8538    68.691      74.538      80.384      310.8538    178.38292   44.06954    1.72963     eq25        0.13732     0.12515     34.80491    -74.53776   3.37554     -34.80488   74.53776    3.37554
15X15       10.0        0.5         0.001       322.46      -78.212     140.27056   78.212      140.27056   -81.758     -74.666     65.56023    212.99912   74.666      81.758      212.99912   65.56023    -84.354     -78.212     -72.071     42.3032     140.27056   236.32092   72.071      78.212      84.354      236.32092   140.27056   42.3032     1.6875      lt25        0.09923     0.08076     24.1567     -78.21225   3.54577     -24.15668   78.21225    3.54578
15X15       15.0        0.5         0.001       256.78      -82.467     113.68222   82.467      113.68222   -86.268     -78.666     56.60289    169.36668   78.666      86.268      169.36668   56.60289    -89.051     -82.467     -75.883     39.08436    113.68222   186.96822   75.883      82.467      89.051      186.96822   113.68222   39.08436    1.3683      lt25        0.07061     0.05937     17.17991    -82.46724   3.80125     -17.17991   82.46724    3.80125
15X15       20.0        0.5         0.001       189.73      -86.555     85.09281    86.555      85.09281    -90.502     -82.608     44.22823    124.63376   82.608      90.502      124.63376   44.22823    -93.391     -86.555     -79.718     32.22444    85.09281    137.14268   79.718      86.555      93.391      137.14268   85.09281    32.22444    1.87        eq25        0.05929     0.05881     11.77838    -86.55471   3.9469      -11.77838   86.55471    3.9469
15X15       25.0        0.5         0.001       140.93      -90.628     63.71412    90.628      63.71412    -94.714     -86.542     34.40356    92.35618    86.542      94.714      92.35618    34.40356    -97.706     -90.628     -83.551     25.62126    63.71412    101.15718   83.551      90.628      97.706      101.15718   63.71412    25.62126    1.58463     eq25        0.05056     0.04682     8.2149      -90.62834   4.08609     -8.2149     90.62834    4.08609
15X15       28.5        0.5         0.001       114.93      -93.367     52.38734    93.367      52.38734    -97.497     -89.238     28.74494    75.29878    89.238      97.497      75.29878    28.74494    -100.52     -93.367     -86.215     21.41776    52.38734    82.35592    86.215      93.367      100.52      82.35592    52.38734    21.41776    1.3683      eq25        0.03944     0.03137     6.53702     -93.36712   4.12949     -6.53702    93.36712    4.12949
7X7         2.0         0.5         0.001       437.22      -31.947     212.9812    31.947      212.9812    -35.046     -28.848     76.79497    347.2664    28.848      35.046      347.2664    76.79497    -37.314     -31.947     -26.579     33.07373    212.9812    390.87046   26.579      31.947      37.314      390.87046   212.9812    33.07373    0.53589     lt25        0.20603     0.17412     50.6674     -31.9469    3.09888     -50.66739   31.9469     3.09888
7X7         5.5         0.5         0.001       391.75      -33.12      193.128     33.12       193.128     -36.43      -29.811     74.47642    309.47786   29.811      36.43       309.47786   74.47642    -38.852     -33.12      -27.388     36.70911    193.128     347.69888   27.388      33.12       38.852      347.69888   193.128     36.70911    0.91816     eq25        0.14505     0.13684     41.24131    -33.12027   3.30942     -41.24133   33.12027    3.30942
7X7         10.0        0.5         0.001       292.06      -34.754     146.13464   34.754      146.13464   -38.192     -31.317     60.64411    229.9578    31.317      38.192      229.9578    60.64411    -40.708     -34.754     -28.801     33.44883    146.13464   257.42788   28.801      34.754      40.708      257.42788   146.13464   33.44883    1.1368      lt25        0.09811     0.09106     28.66569    -34.75419   3.43731     -28.66569   34.75419    3.43731
7X7         15.0        0.5         0.001       225.17      -36.614     113.90828   36.614      113.90828   -40.243     -32.985     49.49119    177.6675    32.985      40.243      177.6675    49.49119    -42.899     -36.614     -30.329     28.86057    113.90828   197.93556   30.329      36.614      42.899      197.93556   113.90828   28.86057    1.1368      eq25        0.06828     0.05972     20.50131    -36.61389   3.62887     -20.50132   36.61389    3.62886
7X7         20.0        0.5         0.001       162.65      -38.42      83.31636    38.42       83.31636    -42.162     -34.677     37.20006    128.30302   34.677      42.162      128.30302   37.20006    -44.901     -38.42      -31.938     22.99478    83.31636    142.747     31.938      38.42       44.901      142.747     83.31636    22.99478    1.0056      lt25        0.05402     0.05122     14.13659    -38.4196    3.74214     -14.13658   38.4196     3.74215
7X7         25.0        0.5         0.001       118.05      -40.261     60.65807    40.261      60.65807    -44.12      -36.401     27.78948    92.77255    36.401      44.12       92.77255    27.78948    -46.946     -40.261     -33.576     17.58339    60.65807    103.42088   33.576      40.261      46.946      103.42088   60.65807    17.58339    0.87444     lt25        0.03565     0.03847     9.8034      -40.2609    3.85952     -9.8034     40.2609     3.85952
7X7         28.5        0.5         0.001       96.188      -41.455     49.76015    41.455      49.76015    -45.41      -37.5       23.12866    76.076      37.5        45.41       76.076      23.12866    -48.305     -41.455     -34.605     14.76925    49.76015    84.19946    34.605      41.455      48.305      84.19946    49.76015    14.76925    0.83072     lt25        0.03568     0.0352      7.74373     -41.45499   3.95483     -7.74372    41.45499    3.95483
10X10       2.0         0.5         0.001       447.29      -47.769     207.31402   47.769      207.31402   -50.902     -44.637     77.4938     334.35236   44.637      50.902      334.35236   77.4938     -53.195     -47.769     -42.343     36.00225    207.31402   376.51618   42.343      47.769      53.195      376.51618   207.31402   36.00225    0.91525     eq25        0.20159     0.18704     47.69921    -47.76912   3.13258     -47.69917   47.76912    3.13258
10X10       5.5         0.5         0.001       403.46      -49.571     189.15792   49.571      189.15792   -52.929     -46.212     76.53902    299.92808   46.212      52.929      299.92808   76.53902    -55.388     -49.571     -43.753     41.05747    189.15792   335.43818   43.753      49.571      55.388      335.43818   189.15792   41.05747    1.33554     eq25        0.14971     0.13266     38.5703     -49.57055   3.35879     -38.57029   49.57055    3.35879
10X10       10.0        0.5         0.001       307.74      -52.02      146.6232    52.02       146.6232    -55.53      -48.509     64.40076    227.517     48.509      55.53       227.517     64.40076    -58.1       -52.02      -45.939     38.8252     146.6232    253.04696   45.939      52.02       58.1        253.04696   146.6232    38.8252     1.56371     eq25        0.10341     0.09361     26.90325    -52.01975   3.51058     -26.90323   52.01975    3.51058
10X10       15.0        0.5         0.001       240.19      -54.862     115.87584   54.862      115.87584   -58.582     -51.143     53.68881    176.48418   51.143      58.582      176.48418   53.68881    -61.305     -54.862     -48.42      34.69171    115.87584   196.1964    48.42       54.862      61.305      196.1964    115.87584   34.69171    1.62256     eq25        0.07091     0.06765     19.15028    -54.8625    3.71933     -19.15028   54.8625     3.71933
10X10       20.0        0.5         0.001       174.89      -57.57      85.38774    57.57       85.38774    -61.404     -53.736     41.47599    128.47024   53.736      61.404      128.47024   41.47599    -64.211     -57.57      -50.93      28.06068    85.38774    142.0406    50.93       57.57       64.211      142.0406    85.38774    28.06068    1.1182      lt25        0.05741     0.0521      13.1693     -57.57043   3.83404     -13.1693    57.57043    3.83404
10X10       25.0        0.5         0.001       129.27      -60.284     63.65834    60.284      63.65834    -64.277     -56.291     31.61262    94.60549    56.291      64.277      94.60549    31.61262    -67.2       -60.284     -53.368     22.007      63.65834    104.90496   53.368      60.284      67.2        104.90496   63.65834    22.007      1.2077      eq25        0.03846     0.04402     9.17888     -60.28369   3.99296     -9.17888    60.28369    3.99297
10X10       28.5        0.5         0.001       105.11      -62.105     51.58162    62.105      51.58162    -66.154     -58.057     26.14831    76.67898    58.057      66.154      76.67898    26.14831    -69.118     -62.105     -55.093     18.23351    51.58162    84.81872    55.093      62.105      69.118      84.81872    51.58162    18.23351    0.89458     lt25        0.03032     0.03441     7.27483     -62.10539   4.0485      -7.27483    62.10539    4.0485
20X20       2.0         0.5         0.001       460.1       -96.122     177.48592   96.122      177.48592   -99.235     -93.008     73.02726    281.36656   93.008      99.235      281.36656   73.02726    -101.514    -96.122     -90.729     39.01784    177.48592   314.40456   90.729      96.122      101.514     314.40456   177.48592   39.01784    1.4723      eq25        0.18593     0.16677     38.80962    -96.1216    3.11343     -38.80961   96.1216     3.11343
20X20       5.5         0.5         0.001       436.17      -99.758     170.2124    99.758      170.2124    -103.141    -96.374     75.95232    263.08248   96.374      103.141     263.08248   75.95232    -105.618    -99.758     -93.897     46.27864    170.2124    292.82332   93.897      99.758      105.618     292.82332   170.2124    46.27864    1.1963      lt25        0.12555     0.11344     32.07785    -99.75778   3.38347     -32.07784   99.75778    3.38348
20X20       10.0        0.5         0.001       340.01      -104.665    135.155     104.665     135.155     -108.222    -101.107    66.41096    202.44184   101.107     108.222     202.44184   66.41096    -110.826    -104.665    -98.503     44.9704     135.155     224.05344   98.503      104.665     110.826     224.05344   135.155     44.9704     1.5183      lt25        0.08999     0.08156     22.22681    -104.6646   3.55715     -22.22683   104.6646    3.55714
20X20       15.0        0.5         0.001       265.48      -110.357    107.13652   110.357     107.13652   -114.18     -106.533    56.31664    157.0464    106.533     114.18      157.0464    56.31664    -116.979    -110.357    -103.735    40.56628    107.13652   172.8114    103.735     110.357     116.979     172.8114    107.13652   40.56628    2.3465      eq25        0.06527     0.05561     15.29223    -110.35685  3.82342     -15.29223   110.35685   3.82342
20X20       20.0        0.5         0.001       198.3       -115.833    80.98101    115.833     80.98101    -119.824    -111.841    44.38279    116.36768   111.841     119.824     116.36768   44.38279    -122.746    -115.833    -108.919    33.59436    80.98101    127.67356   108.919     115.833     122.746     127.67356   80.98101    33.59436    2.0858      eq25        0.04709     0.04617     10.44668    -115.83276  3.99157     -10.44668   115.83276   3.99157
20X20       25.0        0.5         0.001       148.15      -121.287    60.92111    121.287     60.92111    -125.406    -117.169    34.93959    86.33674    117.169     125.406     86.33674    34.93959    -128.421    -121.287    -114.154    26.83136    60.92111    94.49733    114.154     121.287     128.421     94.49733    60.92111    26.83136    1.7484      eq25        0.03986     0.03608     7.28344     -121.28728  4.11846     -7.28344    121.28728   4.11846
20X20       28.5        0.5         0.001       121.47      -124.92     50.1326     124.92      50.1326     -129.145    -120.694    28.9124     70.77956    120.694     129.145     70.77956    28.9124     -132.239    -124.92     -117.601    22.56524    50.1326     77.20408    117.601     124.92      132.239     77.20408    50.1326     22.56524    1.5643      lt25        0.04845     0.04451     5.74372     -124.91975  4.22565     -5.74372    124.91975   4.22565
