deriv_1, deriv_2, dose_1, dose_2, dose_0, second_deriv_1, second_deriv_2, second_dose_1, second_dose_2

depth                                                                           10X10                                                                           15X15                                                                           20X20                                                                           24X24                                                                           4X4                                                                             7X7                                                                             
2.0                                                                             4.775, 4.825, 173.535, 173.535, 390.799, 5.2, 4.5, 47.506, 270.983              7.175, 7.225, 163.526, 163.526, 398.966, 7.55, 6.9, 56.599, 250.949             /                                                                               /                                                                               1.975, 2.025, 188.228, 188.228, 375.424, 2.35, 1.7, 55.998, 292.969             3.175, 3.225, 186.332, 186.332, 383.829, 3.55, 2.9, 59.103, 287.429             
5.5                                                                             4.975, 5.025, 157.359, 157.359, 355.382, 5.35, 4.7, 60.586, 238.778             7.425, 7.475, 160.958, 160.958, 365.528, 7.85, 7.15, 59.87, 230.942             9.975, 10.025, 154.754, 154.754, 407.089, 10.45, 9.65, 53.881, 236.02           12.075, 12.125, 140.466, 140.466, 409.17, 12.5, 11.75, 56.627, 215.422          2.075, 2.125, 160.297, 160.297, 331.264, 2.5, 1.75, 45.361, 261.369             3.275, 3.325, 178.134, 178.134, 345.001, 3.7, 3.0, 58.394, 259.732              
10.0                                                                            5.175, 5.225, 132.397, 132.397, 271.102, 5.6, 4.95, 53.039, 178.694             7.825, 7.875, 120.026, 120.026, 283.726, 8.2, 7.5, 56.621, 178.642              10.475, 10.525, 121.329, 121.329, 317.47, 10.85, 10.2, 60.132, 171.607          12.625, 12.675, 120.541, 120.541, 320.173, 13.05, 12.3, 57.195, 170.509         2.175, 2.225, 120.153, 120.153, 243.054, 2.55, 1.8, 44.514, 198.642             3.475, 3.525, 126.112, 126.112, 258.627, 3.85, 3.2, 51.709, 186.059             
15.0                                                                            5.475, 5.525, 102.138, 102.138, 215.234, 5.9, 5.15, 44.982, 149.674             8.225, 8.275, 99.275, 99.275, 229.177, 8.6, 7.95, 51.696, 137.058               11.025, 11.075, 92.913, 92.913, 237.779, 11.4, 10.7, 50.669, 132.276            13.325, 13.375, 87.595, 87.595, 240.898, 13.75, 13.0, 45.973, 123.168           2.275, 2.325, 96.205, 96.205, 187.807, 2.65, 2.0, 39.01, 141.147                3.625, 3.675, 105.159, 105.159, 201.614, 4.05, 3.3, 42.922, 153.861             
20.0                                                                            5.775, 5.825, 72.49, 72.49, 157.302, 6.2, 5.45, 34.151, 106.262                 8.625, 8.675, 75.562, 75.562, 169.504, 9.05, 8.3, 38.956, 105.16                11.575, 11.625, 70.351, 70.351, 177.886, 12.0, 11.3, 38.28, 93.988              13.975, 14.025, 67.597, 67.597, 181.094, 14.4, 13.65, 38.182, 91.837            2.375, 2.425, 70.968, 70.968, 134.38, 2.75, 2.1, 30.617, 101.725                3.825, 3.875, 74.224, 74.224, 145.282, 4.25, 3.5, 31.868, 108.546               
25.0                                                                            6.025, 6.075, 56.138, 56.138, 116.084, 6.45, 5.7, 27.876, 79.404                9.025, 9.075, 57.192, 57.193, 125.788, 9.4, 8.7, 33.322, 77.776                 12.075, 12.125, 56.221, 56.221, 132.771, 12.5, 11.75, 32.311, 74.343            14.675, 14.725, 48.906, 48.906, 135.553, 15.1, 14.35, 29.173, 66.523            2.525, 2.575, 48.473, 48.473, 97.273, 2.9, 2.2, 21.199, 74.005                  4.025, 4.075, 53.023, 53.023, 105.759, 4.45, 3.7, 23.801, 77.541                
28.5                                                                            6.225, 6.275, 44.532, 44.532, 94.442, 6.65, 5.9, 22.642, 63.42                  9.325, 9.375, 45.437, 45.437, 103.174, 9.7, 9.0, 26.926, 62.32                  12.475, 12.525, 44.476, 44.476, 109.03, 12.9, 12.2, 26.124, 57.526              15.125, 15.175, 40.348, 40.348, 111.496, 15.6, 14.85, 23.485, 52.394            2.575, 2.625, 41.167, 41.167, 78.825, 3.0, 2.25, 16.699, 60.947                 4.125, 4.175, 44.568, 44.568, 85.904, 4.55, 3.8, 20.695, 63.65                  
