deriv_1, deriv_2, dose_1, dose_2, dose_0, second_deriv_1, second_deriv_2, second_dose_1, second_dose_2

depth                                                                           20X20                                                                           
2.0                                                                             9.555, 9.565, 179.583, 179.583, 430.199, 9.89, 9.33, 71.187, 251.781            
5.5                                                                             9.885, 9.895, 182.369, 182.369, 427.553, 10.27, 9.67, 73.972, 244.233           
10.0                                                                            10.405, 10.415, 136.377, 136.377, 331.941, 10.77, 10.02, 64.951, 204.672        
15.0                                                                            10.975, 10.995, 99.266, 97.763, 248.913, 11.28, 10.62, 57.891, 145.78           
20.0                                                                            11.485, 11.495, 78.734, 78.734, 185.614, 11.88, 11.17, 42.438, 106.672          
25.0                                                                            12.055, 12.065, 57.318, 57.317, 139.067, 12.39, 11.78, 35.411, 75.69            
28.5                                                                            12.385, 12.395, 48.861, 48.861, 113.982, 12.83, 12.07, 26.758, 64.478           
