FS          d_cm        D(0)        p1d1sx      D(p1d1sx)   p1d1dx      D(p1d1dx)   p1d2sx      p2d2sx      D(p1d2sx)   D(p2d2sx)   p1d2dx      p2d2dx      D(p1d2dx)   D(p2d2dx)   p1d3sx      p2d3sx      p3d3sx      D(p1d3sx)   D(p2d3sx)   D(p3d3sx)   p1d3dx      p2d3dx      p3d3dx      D(p1d3dx)   D(p2d3dx)   D(p3d3dx)   D(IP-25)    off25
04X04       2.0         451.788     -20.25      214.124     20.25       214.124     -23.5       -17.0       71.29       364.085     17.0        23.5        364.085     71.29       -25.25      -19.75      -15.25      35.221      240.395     407.337     15.25       19.75       25.25       407.337     240.395     35.221      0.374       eq25
04X04       5.5         433.059     -20.75      214.571     20.75       214.571     -24.5       -17.0       69.041      362.607     17.0        24.5        362.607     69.041      -26.75      -20.25      -14.75      32.482      237.799     402.189     14.75       20.25       26.75       402.189     237.799     32.482      0.618       eq25
04X04       10.0        314.586     -21.75      158.706     21.75       158.706     -25.5       -18.0       56.354      261.524     18.0        25.5        261.524     56.354      -27.75      -23.25      -15.75      29.508      111.65      289.993     15.75       23.25       27.75       289.993     111.65      29.508      0.729       eq25
04X04       15.0        222.237     -22.75      115.938     22.75       115.938     -26.5       -19.0       44.737      184.666     19.0        26.5        184.666     44.737      -28.75      -23.25      -16.75      24.566      104.985     204.053     16.75       23.25       28.75       204.053     104.985     24.566      0.705       eq25
04X04       20.0        158.859     -24.25      77.723      24.25       77.723      -27.5       -20.0       35.093      132.338     20.0        27.5        132.338     35.093      -29.75      -24.25      -18.75      19.837      77.723      141.0       18.75       24.25       29.75       141.0       77.723      19.837      0.604       eq25
04X04       25.0        115.056     -25.25      58.021      25.25       58.021      -28.5       -21.0       27.429      95.878      21.0        28.5        95.878      27.429      -30.75      -26.25      -19.75      15.859      47.515      101.831     19.75       26.25       30.75       101.831     47.515      15.859      0.5         eq25
04X04       28.5        93.298      -25.75      49.282      25.75       49.282      -29.5       -22.0       21.327      76.084      22.0        29.5        76.084      21.327      -31.75      -27.25      -19.75      12.66       36.789      84.295      19.75       27.25       31.75       84.295      36.789      12.66       0.434       eq25
07X07       2.0         464.363     -32.25      210.169     32.25       210.169     -35.5       -29.0       72.959      357.558     29.0        35.5        357.558     72.959      -37.25      -31.75      -27.25      38.655      235.676     401.681     27.25       31.75       37.25       401.681     235.676     38.655      0.628       eq25
07X07       5.5         445.036     -33.25      206.76      33.25       206.76      -36.5       -29.5       83.031      351.655     29.5        36.5        351.655     83.031      -38.75      -33.25      -27.75      42.275      206.76      386.657     27.75       33.25       38.75       386.657     206.76      42.275      0.991       eq25
07X07       10.0        329.335     -34.75      160.03      34.75       160.03      -38.5       -31.0       62.634      259.721     31.0        38.5        259.721     62.634      -40.75      -34.25      -28.75      36.84       175.525     288.553     28.75       34.25       40.75       288.553     175.525     36.84       1.194       eq25
07X07       15.0        236.346     -36.25      123.016     36.25       123.016     -40.5       -33.0       47.299      182.349     33.0        40.5        182.349     47.299      -42.75      -36.25      -30.75      30.098      123.016     203.892     30.75       36.25       42.75       203.892     123.016     30.098      1.183       eq25
07X07       20.0        172.688     -38.25      87.679      38.25       87.679      -42.5       -35.0       35.63       130.338     35.0        42.5        130.338     35.63       -43.75      -37.25      -32.75      27.868      102.267     147.029     32.75       37.25       43.75       147.029     102.267     27.868      1.089       eq25
07X07       25.0        125.017     -40.25      61.847      40.25       61.847      -44.0       -36.5       29.075      95.584      36.5        44.0        95.584      29.075      -46.25      -39.75      -34.25      19.494      66.989      106.566     34.25       39.75       46.25       106.566     66.989      19.494      0.938       lt25
07X07       28.5        102.455     -41.25      52.941      41.25       52.941      -45.0       -37.5       26.01       79.257      37.5        45.0        79.257      26.01       -47.25      -41.75      -36.25      17.67       48.831      84.529      36.25       41.75       47.25       84.529      48.831      17.67       0.912       lt25
10X10       2.0         478.916     -47.75      222.313     47.75       222.313     -51.0       -45.0       84.855      341.403     45.0        51.0        341.403     84.855      -53.25      -48.75      -42.75      40.447      174.254     394.582     42.75       48.75       53.25       394.582     174.254     40.447      0.951       eq25
10X10       5.5         457.555     -49.25      221.097     49.25       221.097     -53.5       -46.0       72.838      337.82      46.0        53.5        337.82      72.838      -54.75      -48.25      -43.75      52.293      262.274     377.995     43.75       48.25       54.75       377.995     262.274     52.293      1.449       eq25
10X10       10.0        348.577     -51.75      169.004     51.75       169.004     -55.5       -48.0       72.623      261.016     48.0        55.5        261.016     72.623      -57.75      -51.25      -46.75      45.279      183.678     277.341     46.75       51.25       57.75       277.341     183.678     45.279      1.721       eq25
10X10       15.0        253.752     -54.75      118.88      54.75       118.88      -58.5       -51.0       55.047      184.44      51.0        58.5        184.44      55.047      -60.75      -55.25      -49.75      37.455      108.823     197.198     49.75       55.25       60.75       197.198     108.823     37.455      1.689       eq25
10X10       20.0        185.755     -57.25      90.857      57.25       90.857      -61.5       -54.0       41.124      130.883     54.0        61.5        130.883     41.124      -62.75      -56.25      -51.75      33.624      104.64      146.327     51.75       56.25       62.75       146.327     104.64      33.624      1.508       eq25
10X10       25.0        137.281     -60.25      64.71       60.25       64.71       -64.5       -56.0       30.713      100.327     56.0        64.5        100.327     30.713      -65.75      -60.25      -53.75      25.752      64.71       109.536     53.75       60.25       65.75       109.536     64.71       25.752      1.253       eq25
10X10       28.5        111.857     -61.75      55.195      61.75       55.195      -66.0       -58.5       27.009      77.779      58.5        66.0        77.779      27.009      -68.25      -61.75      -56.25      20.105      55.195      86.916      56.25       61.75       68.25       86.916      55.195      20.105      1.091       eq25
15X15       2.0         486.991     -71.75      210.465     71.75       210.465     -75.0       -69.0       84.475      317.506     69.0        75.0        317.506     84.475      -77.25      -72.75      -66.75      43.157      166.623     364.078     66.75       72.75       77.25       364.078     166.623     43.157      1.315       eq25
15X15       5.5         474.308     -74.25      205.048     74.25       205.048     -78.0       -71.0       82.178      313.599     71.0        78.0        313.599     82.178      -80.25      -73.75      -68.25      49.439      224.092     356.823     68.25       73.75       80.25       356.823     224.092     49.439      1.901       eq25
15X15       10.0        365.077     -78.25      151.407     78.25       151.407     -82.0       -74.5       68.454      239.221     74.5        82.0        239.221     68.454      -84.25      -78.75      -71.25      47.231      138.051     272.278     71.25       78.75       84.25       272.278     138.051     47.231      2.193       eq25
15X15       15.0        270.356     -82.25      115.376     82.25       115.376     -86.0       -78.5       57.812      175.303     78.5        86.0        175.303     57.812      -87.75      -81.75      -76.25      44.577      124.539     193.588     76.25       81.75       87.75       193.588     124.539     44.577      2.169       eq25
15X15       20.0        200.014     -86.25      87.232      86.25       87.232      -90.0       -82.5       46.879      128.632     82.5        90.0        128.632     46.879      -92.25      -87.75      -81.25      35.256      68.804      136.891     81.25       87.75       92.25       136.891     68.804      35.256      1.94        eq25
15X15       25.0        149.43      -90.25      66.407      90.25       66.407      -94.0       -86.5       37.343      95.526      86.5        94.0        95.526      37.343      -96.25      -90.75      -85.25      28.664      61.928      101.42      85.25       90.75       96.25       101.42      61.928      28.664      1.644       eq25
15X15       28.5        121.479     -92.75      56.382      92.75       56.382      -97.0       -90.0       30.45       74.018      90.0        97.0        74.018      30.45       -98.25      -92.75      -86.25      26.275      56.382      86.561      86.25       92.75       98.25       86.561      56.382      26.275      1.412       eq25
20X20       2.0         483.909     -95.75      195.682     95.75       195.682     -99.0       -93.0       82.624      289.058     93.0        99.0        289.058     82.624      -101.25     -95.25      -90.75      44.055      214.996     328.262     90.75       95.25       101.25      328.262     214.996     44.055      1.529       eq25
20X20       5.5         480.993     -99.25      192.859     99.25       192.859     -103.0      -96.0       81.254      289.239     96.0        103.0       289.239     81.254      -105.25     -98.75      -94.25      51.079      209.971     316.937     94.25       98.75       105.25      316.937     209.971     51.079      2.198       eq25
20X20       10.0        373.45      -104.25     149.644     104.25      149.644     -108.0      -100.5      71.682      225.062     100.5       108.0       225.062     71.682      -110.25     -103.75     -98.75      50.194      161.632     242.715     98.75       103.75      110.25      242.715     161.632     50.194      2.476       eq25
20X20       15.0        280.058     -109.75     112.492     109.75      112.492     -113.5      -106.5      59.519      159.884     106.5       113.5       159.884     59.519      -115.25     -110.75     -104.75     46.707      96.222      175.069     104.75      110.75      115.25      175.069     96.222      46.707      2.429       eq25
20X20       20.0        208.79      -115.25     84.445      115.25      84.445      -119.0      -111.5      47.718      120.858     111.5       119.0       120.858     47.718      -121.25     -114.75     -107.75     36.984      90.097      136.471     107.75      114.75      121.25      136.471     90.097      36.984      2.16        eq25
20X20       25.0        156.461     -120.75     63.256      120.75      63.256      -124.5      -117.0      37.607      89.274      117.0       124.5       89.274      37.607      -127.25     -121.25     -114.25     28.852      59.284      98.863      114.25      121.25      127.25      98.863      59.284      28.852      1.818       eq25
20X20       28.5        128.23      -124.25     52.696      124.25      52.696      -128.0      -121.0      31.981      70.998      121.0       128.0       70.998      31.981      -129.75     -124.25     -117.25     26.551      52.696      81.388      117.25      124.25      129.75      81.388      52.696      26.551      1.652       lt25
24X24       2.0         /
24X24       5.5         486.494     -120.25     177.802     120.25      177.802     -124.0      -116.5      76.583      276.102     116.5       124.0       276.102     76.583      -125.75     -120.75     -114.25     53.891      161.986     302.143     114.25      120.75      125.75      302.143     161.986     53.891      2.341       eq25
24X24       10.0        379.804     -126.25     139.059     126.25      139.059     -130.0      -122.5      68.542      209.406     122.5       130.0       209.406     68.542      -131.75     -127.75     -120.25     52.375      106.704     228.987     120.25      127.75      131.75      228.987     106.704     52.375      2.604       eq25
24X24       15.0        286.886     -132.75     107.744     132.75      107.744     -137.0      -129.5      54.668      150.787     129.5       137.0       150.787     54.668      -138.75     -133.75     -126.25     44.695      92.808      171.152     126.25      133.75      138.75      171.152     92.808      44.695      2.54        eq25
24X24       20.0        214.971     -139.25     83.083      139.25      83.083      -143.0      -136.0      48.604      112.32      136.0       143.0       112.32      48.604      -145.25     -139.25     -134.25     37.804      83.083      121.631     134.25      139.25      145.25      121.631     83.083      37.804      2.574       lt25
24X24       25.0        161.584     -146.25     59.838      146.25      59.838      -150.0      -143.0      36.529      81.426      143.0       150.0       81.426      36.529      -151.75     -145.75     -139.25     30.776      63.508      93.88       139.25      145.75      151.75      93.88       63.508      30.776      1.88        eq25
24X24       28.5        132.611     -150.75     48.139      150.75      48.139      -154.0      -146.5      31.899      69.402      146.5       154.0       69.402      31.899      -178.75     -151.75     -144.25     15.571      42.504      75.282      144.25      151.75      178.75      75.282      42.504      15.571      1.618       eq25
