FS          d_cm        D(0)        p1d1sx      D(p1d1sx)   p1d1dx      D(p1d1dx)   p1d2sx      p2d2sx      D(p1d2sx)   D(p2d2sx)   p1d2dx      p2d2dx      D(p1d2dx)   D(p2d2dx)   p1d3sx      p2d3sx      p3d3sx      D(p1d3sx)   D(p2d3sx)   D(p3d3sx)   p1d3dx      p2d3dx      p3d3dx      D(p1d3dx)   D(p2d3dx)   D(p3d3dx)   D(IP-25)    off25
04X04       2.0         407.219     -19.75      203.352     19.75       203.352     -23.0       -16.5       67.42       339.22      16.5        23.0        339.22      67.42       -24.25      -19.25      -14.75      39.931      227.661     374.522     14.75       19.25       24.25       374.522     227.661     39.931      0.335       eq25
04X04       5.5         325.278     -20.75      156.495     20.75       156.495     -24.0       -17.0       56.247      274.154     17.0        24.0        274.154     56.247      -25.25      -20.75      -15.75      36.564      156.495     293.683     15.75       20.75       25.25       293.683     156.495     36.564      0.491       eq25
04X04       10.0        240.474     -21.25      130.376     21.25       130.376     -24.5       -18.5       54.551      193.195     18.5        24.5        193.195     54.551      -26.75      -20.75      -16.25      27.975      143.356     219.406     16.25       20.75       26.75       219.406     143.356     27.975      0.591       eq25
04X04       15.0        196.288     -22.75      102.585     22.75       102.585     -26.5       -19.5       39.599      159.147     19.5        26.5        159.147     39.599      -27.75      -21.25      -17.75      28.36       131.471     175.704     17.75       21.25       27.75       175.704     131.471     28.36       0.639       eq25
04X04       20.0        140.462     -23.75      75.443      23.75       75.443      -27.5       -21.0       30.86       108.954     21.0        27.5        108.954     30.86       -29.75      -22.25      -17.25      18.015      95.089      130.234     17.25       22.25       29.75       130.234     95.089      18.015      0.555       eq25
04X04       25.0        101.08      -24.75      55.614      24.75       55.614      -29.0       -21.5       21.162      81.943      21.5        29.0        81.943      21.162      -30.25      -24.75      -20.25      15.779      55.614      88.091      20.25       24.75       30.25       88.091      55.614      15.779      0.459       eq25
04X04       28.5        81.855      -25.75      43.04       25.75       43.04       -29.5       -23.0       18.596      61.908      23.0        29.5        61.908      18.596      -31.25      -26.25      -18.75      12.592      39.237      76.016      18.75       26.25       31.25       76.016      39.237      12.592      0.389       eq25
07X07       2.0         416.637     -31.75      210.864     31.75       210.864     -35.0       -29.0       76.123      324.124     29.0        35.0        324.124     76.123      -37.25      -31.25      -26.75      33.097      234.16      370.69      26.75       31.25       37.25       370.69      234.16      33.096      0.574       eq25
07X07       5.5         342.654     -33.25      166.324     33.25       166.324     -37.0       -30.0       56.073      267.711     30.0        37.0        267.711     56.073      -38.25      -32.25      -28.75      39.08       201.802     289.832     28.75       32.25       38.25       289.832     201.802     39.08       0.829       eq25
07X07       10.0        256.945     -34.75      130.192     34.75       130.192     -38.5       -31.5       50.487      200.374     31.5        38.5        200.374     50.487      -39.75      -35.25      -30.25      37.07       117.621     215.844     30.25       35.25       39.75       215.844     117.621     37.07       1.032       eq25
07X07       15.0        212.902     -36.75      107.645     36.75       107.645     -40.5       -33.5       46.548      162.419     33.5        40.5        162.419     46.548      -42.75      -36.25      -31.75      29.605      117.173     179.18      31.75       36.25       42.75       179.18      117.173     29.605      1.087       eq25
07X07       20.0        152.688     -38.75      75.723      38.75       75.723      -42.5       -35.0       34.299      118.537     35.0        42.5        118.537     34.299      -43.75      -38.25      -32.25      26.898      82.29       133.424     32.25       38.25       43.75       133.424     82.29       26.898      0.97        eq25
07X07       25.0        110.822     -40.25      58.531      40.25       58.531      -44.0       -37.5       28.038      81.235      37.5        44.0        81.235      28.038      -46.25      -39.75      -33.75      18.731      63.129      96.866      33.75       39.75       46.25       96.866      63.129      18.731      0.837       lt25
07X07       28.5        89.911      -41.75      45.48       41.75       45.48       -45.5       -38.0       22.003      69.316      38.0        45.5        69.316      22.003      -47.25      -42.75      -36.25      16.288      38.282      75.549      36.25       42.75       47.25       75.549      38.282      16.288      0.74        lt25
10X10       2.0         424.8       -47.75      196.401     47.75       196.401     -51.0       -44.5       73.327      318.377     44.5        51.0        318.377     73.327      -53.25      -47.25      -42.75      35.102      218.152     351.948     42.75       47.25       53.25       351.948     218.152     35.102      0.862       eq25
10X10       5.5         354.649     -49.75      161.888     49.75       161.888     -53.0       -46.5       68.523      256.893     46.5        53.0        256.893     68.523      -55.25      -50.75      -44.75      38.996      129.011     284.536     44.75       50.75       55.25       284.536     129.011     38.996      1.185       eq25
10X10       10.0        271.37      -52.25      124.913     52.25       124.913     -55.5       -48.5       59.138      200.062     48.5        55.5        200.062     59.138      -57.75      -51.75      -47.25      37.498      136.658     213.43      47.25       51.75       57.75       213.43      136.658     37.498      1.388       eq25
10X10       15.0        224.985     -55.25      107.026     55.25       107.026     -59.0       -52.0       50.785      157.99      52.0        59.0        157.99      50.785      -60.75      -55.25      -49.75      37.508      107.026     177.913     49.75       55.25       60.75       177.913     107.026     37.508      1.549       eq25
10X10       20.0        162.886     -58.25      75.006      58.25       75.006      -61.5       -54.5       41.082      115.321     54.5        61.5        115.321     41.082      -63.75      -59.25      -52.75      29.079      63.139      126.211     52.75       59.25       63.75       126.211     63.139      29.079      1.351       eq25
10X10       25.0        119.708     -60.75      57.57       60.75       57.57       -64.5       -56.5       30.371      87.857      56.5        64.5        87.857      30.371      -66.25      -61.75      -55.25      23.649      49.222      92.767      55.25       61.75       66.25       92.767      49.222      23.649      1.138       eq25
10X10       28.5        97.11       -62.25      48.911      62.25       48.911      -66.0       -58.5       26.508      70.128      58.5        66.0        70.128      26.508      -68.25      -61.75      -56.25      19.379      52.27       76.768      56.25       61.75       68.25       76.768      52.27       19.379      0.984       eq25
15X15       2.0         433.038     -71.75      188.468     71.75       188.468     -75.0       -69.0       75.759      282.698     69.0        75.0        282.698     75.759      -77.25      -71.25      -66.75      38.966      207.834     323.005     66.75       71.25       77.25       323.005     207.834     38.966      1.197       eq25
15X15       5.5         364.149     -74.75      155.02      74.75       155.02      -78.0       -71.5       70.619      239.006     71.5        78.0        239.006     70.619      -80.25      -74.25      -69.75      42.646      169.898     262.852     69.75       74.25       80.25       262.852     169.898     42.646      1.557       eq25
15X15       10.0        283.262     -78.25      126.143     78.25       126.143     -82.0       -75.5       58.439      176.973     75.5        82.0        176.973     58.439      -83.75      -77.75      -73.25      42.795      136.519     200.434     73.25       77.75       83.75       200.434     136.519     42.795      1.795       eq25
15X15       15.0        242.957     -83.25      105.489     83.25       105.489     -87.0       -80.0       54.341      151.754     80.0        87.0        151.754     54.341      -88.75      -83.25      -77.75      42.154      105.489     170.07      77.75       83.25       88.75       170.07      105.489     42.154      2.008       eq25
15X15       20.0        179.374     -87.25      79.936      87.25       79.936      -91.0       -84.0       44.034      111.646     84.0        91.0        111.646     44.034      -92.75      -88.25      -82.75      35.039      69.008      119.532     82.75       88.25       92.75       119.532     69.008      35.039      1.792       eq25
15X15       25.0        132.617     -91.25      60.285      91.25       60.285      -95.0       -87.5       34.859      84.818      87.5        95.0        84.818      34.859      -97.25      -90.75      -86.25      26.844      64.115      89.665      86.25       90.75       97.25       89.665      64.115      26.844      1.504       eq25
15X15       28.5        108.265     -94.25      47.553      94.25       47.553      -98.0       -90.5       28.045      67.655      90.5        98.0        67.655      28.045      -99.25      -93.75      -88.25      24.229      50.594      74.397      88.25       93.75       99.25       74.397      50.594      24.229      1.287       eq25
20X20       2.0         436.356     -96.25      169.142     96.25       169.142     -100.0      -93.0       60.061      266.133     93.0        100.0       266.133     60.061      -101.25     -95.25      -91.75      42.998      203.534     286.374     91.75       95.25       101.25      286.374     203.534     42.998      1.418       eq25
20X20       5.5         371.26      -100.25     141.012     100.25      141.012     -103.5      -97.0       66.571      216.979     97.0        103.5       216.979     66.571      -105.25     -100.25     -95.25      46.127      141.012     239.231     95.25       100.25      105.25      239.231     141.012     46.127      1.776       eq25
20X20       10.0        290.862     -105.25     111.026     105.25      111.026     -108.5      -101.5      58.821      171.12      101.5       108.5       171.12      58.821      -110.75     -105.25     -100.25     41.505      111.026     182.095     100.25      105.25      110.75      182.095     111.026     41.505      1.979       eq25
20X20       15.0        250.078     -111.25     100.052     111.25      100.052     -115.0      -108.0      54.433      140.807     108.0       115.0       140.807     54.433      -116.75     -112.25     -105.75     43.27       86.127      156.484     105.75      112.25      116.75      156.484     86.127      43.27       2.229       eq25
20X20       20.0        186.712     -116.75     75.509      116.75      75.509      -120.5      -113.0      43.773      106.953     113.0       120.5       106.953     43.773      -122.75     -117.25     -110.75     34.311      70.654      116.742     110.75      117.25      122.75      116.742     70.654      34.311      1.979       eq25
20X20       25.0        138.824     -122.25     56.411      122.25      56.411      -126.0      -118.5      34.262      78.514      118.5       126.0       78.514      34.262      -128.25     -122.75     -117.25     27.472      53.021      83.006      117.25      122.75      128.25      83.006      53.021      27.472      1.657       eq25
20X20       28.5        113.773     -125.75     47.056      125.75      47.056      -130.0      -122.0      27.596      64.316      122.0       130.0       64.316      27.596      -132.25     -125.75     -119.25     22.663      47.056      70.687      119.25      125.75      132.25      70.687      47.056      22.663      1.427       eq25
24X24       2.0         441.116     -116.25     162.563     116.25      162.563     -120.0      -113.0      60.265      250.1       113.0       120.0       250.1       60.265      -121.25     -116.25     -111.75     43.613      162.563     267.791     111.75      116.25      121.25      267.791     162.563     43.613      1.566       eq25
24X24       5.5         375.14      -121.25     130.759     121.25      130.759     -124.5      -118.0      63.087      200.781     118.0       124.5       200.781     63.087      -126.25     -120.25     -115.75     44.747      154.862     225.163     115.75      120.25      126.25      225.163     154.862     44.747      1.881       eq25
24X24       10.0        295.419     -126.75     112.497     126.75      112.497     -130.5      -123.5      56.32       159.345     123.5       130.5       159.345     56.32       -131.75     -125.75     -122.25     45.983      129.24      169.335     122.25      125.75      131.75      169.335     129.24      45.983      2.079       eq25
24X24       15.0        256.104     -134.75     92.014      134.75      92.014      -138.0      -131.0      55.128      134.447     131.0       138.0       134.447     55.128      -140.25     -134.75     -129.25     41.846      92.014      145.503     129.25      134.75      140.25      145.503     92.014      41.846      2.31        eq25
24X24       20.0        189.99      -141.25     70.173      141.25      70.173      -145.0      -137.5      41.858      98.985      137.5       145.0       98.985      41.858      -147.25     -141.75     -134.25     33.45       65.766      110.591     134.25      141.75      147.25      110.591     65.766      33.45       2.029       eq25
24X24       25.0        /
24X24       28.5        116.629     -152.25     43.985      152.25      43.985      -156.5      -148.0      26.616      61.334      148.0       156.5       61.334      26.616      -157.75     -152.25     -146.75     23.853      43.985      64.142      146.75      152.25      181.75      64.142      43.985      13.976      1.465       eq25
