FS          d_cm        ini_bin     bin         D(0)        p1d1sx      D(p1d1sx)   p1d1dx      D(p1d1dx)   p1d2sx      p2d2sx      D(p1d2sx)   D(p2d2sx)   p1d2dx      p2d2dx      D(p1d2dx)   D(p2d2dx)   p1d3sx      p2d3sx      p3d3sx      D(p1d3sx)   D(p2d3sx)   D(p3d3sx)   p1d3dx      p2d3dx      p3d3dx      D(p1d3dx)   D(p2d3dx)   D(p3d3dx)   D(IP-25)    off25       params
8X8         1.5         2.0         0.1         1.7827      -37.3       0.7345      35.8        1.09677     -39.9       -34.6       0.261       1.35219     33.1        38.4        1.56756     0.49892     -41.8       -37.3       -32.7       0.14678     0.7345      1.60652     31.2        35.8        40.3        1.69818     1.09677     0.22875     0.00358     eq25        0.24966     -37.26593   2.61869     -0.24966    35.76593    2.61869
8X8         5.0         2.0         0.1         1.509       -38.7       0.64        37.2        0.91462     -41.4       -35.9       0.26701     1.1482      34.4        39.9        1.31012     0.42383     -43.4       -38.7       -33.9       0.15956     0.64        1.35696     32.4        37.2        41.9        1.41194     0.91462     0.21743     0.00435     eq25        0.19411     -38.65603   2.73293     -0.19411    37.15603    2.73293
8X8         10.0        2.0         0.1         1.1336      -40.6       0.50449     39.1        0.69697     -43.5       -37.8       0.2232      0.85567     36.3        42.0        0.97187     0.32878     -45.5       -40.6       -35.7       0.14924     0.50449     1.00382     34.2        39.1        44.0        1.04739     0.69697     0.18801     0.00389     lt25        0.13461     -40.63066   2.82692     -0.13461    39.13066    2.82692
8X8         20.0        2.0         0.1         0.62571     -44.6       0.28848     43.1        0.38406     -47.6       -41.6       0.14215     0.47131     40.1        46.1        0.53188     0.19751     -49.8       -44.6       -39.4       0.10068     0.28848     0.54593     37.9        43.1        48.3        0.57009     0.38406     0.12294     0.00461     eq25        0.0661      -44.62161   3.00905     -0.0661     43.12161    3.00905
8X8         30.0        2.0         0.1         0.34997     -48.6       0.1647      47.1        0.21423     -51.8       -45.4       0.08406     0.26429     43.9        50.3        0.29606     0.11363     -54.1       -48.6       -43.1       0.06294     0.1647      0.30397     41.6        47.1        52.6        0.31669     0.21423     0.07509     0.00236     lt25        0.03395     -48.58195   3.17313     -0.03395    47.08195    3.17313
12X12       1.5         2.0         0.1         1.6695      -55.7       0.70527     54.2        1.05585     -58.3       -53.1       0.27336     1.26307     51.6        56.8        1.48732     0.49821     -60.2       -55.7       -51.2       0.1589      0.70527     1.51544     49.7        54.2        58.7        1.60646     1.05585     0.24743     0.00494     eq25        0.23352     -55.68497   2.6026      -0.23352    54.18497    2.6026
12X12       5.0         2.0         0.1         1.43        -57.8       0.61093     56.3        0.8867      -60.5       -55.0       0.26895     1.07918     53.5        59.0        1.24502     0.43588     -62.5       -57.8       -53.1       0.17268     0.61093     1.26784     51.6        56.3        61.0        1.33902     0.8867      0.24031     0.00468     lt25        0.18152     -57.75814   2.71151     -0.18152    56.25814    2.71152
12X12       10.0        2.0         0.1         1.0979      -60.8       0.48863     59.3        0.66658     -63.6       -57.9       0.23657     0.8274      56.4        62.1        0.93025     0.33921     -65.7       -60.8       -55.8       0.16461     0.48863     0.96292     54.3        59.3        64.2        1.00224     0.66658     0.20395     0.00538     lt25        0.1245      -60.75134   2.84611     -0.1245     59.25134    2.84612
12X12       20.0        2.0         0.1         0.62625     -66.7       0.29367     65.2        0.38149     -69.8       -63.7       0.15444     0.46319     62.2        68.3        0.5176      0.20763     -72.0       -66.7       -61.4       0.11773     0.29367     0.53395     59.9        65.2        70.5        0.55583     0.38149     0.13995     0.00466     lt25        0.06068     -66.7158    3.05137     -0.06068    65.2158     3.05137
12X12       30.0        2.0         0.1         0.35758     -72.7       0.17192     71.2        0.21764     -75.9       -69.5       0.0964      0.26385     68.0        74.4        0.29279     0.12473     -78.3       -72.7       -67.2       0.07646     0.17192     0.29993     65.7        71.2        76.8        0.31189     0.21764     0.08778     0.00452     eq25        0.03127     -72.71404   3.19773     -0.03127    71.21404    3.19774
3X3         1.5         2.0         0.1         2.7588      -14.2       1.11631     12.7        1.69972     -16.8       -11.6       0.37799     2.08174     10.1        15.3        2.47414     0.74072     -18.7       -14.2       -9.7        0.16022     1.11631     2.52697     8.2         12.7        17.2        2.66032     1.69972     0.31613     0.00203     eq25        0.4036      -14.2028    2.60936     -0.4036     12.7028     2.60936
3X3         5.0         2.0         0.1         2.2545      -14.7       0.94801     13.2        1.38872     -17.4       -12.0       0.33804     1.742       10.5        15.9        1.9964      0.59625     -19.4       -14.7       -10.0       0.16264     0.94801     2.0812      8.5         13.2        17.9        2.16182     1.38872     0.25629     0.0025      eq25        0.31312     -14.7243    2.70123     -0.31312    13.2243     2.70123
3X3         10.0        2.0         0.1         1.6295      -15.5       0.67355     14.0        1.0028      -18.2       -12.7       0.24454     1.2381      11.2        16.7        1.42948     0.45632     -20.2       -15.5       -10.7       0.13053     0.67355     1.46991     9.2         14.0        18.7        1.55126     1.0028      0.21408     0.00281     eq25        0.21868     -15.46784   2.7416      -0.21868    13.96784    2.7416
3X3         20.0        2.0         0.1         0.85964     -16.9       0.37523     15.4        0.52936     -19.8       -14.0       0.14384     0.67054     12.5        18.3        0.75691     0.2413      -21.9       -16.9       -11.9       0.08061     0.37523     0.78785     10.4        15.4        20.4        0.82017     0.52936     0.12027     0.00235     eq25        0.10764     -16.91135   2.90784     -0.10764    15.41135    2.90784
3X3         30.0        2.0         0.1         0.47044     -18.4       0.20668     16.9        0.28723     -21.4       -15.3       0.08525     0.36295     13.8        19.9        0.41523     0.13072     -23.7       -18.4       -13.1       0.04763     0.20668     0.42673     11.6        16.9        22.2        0.44739     0.28723     0.06554     0.00159     eq25        0.05535     -18.39018   3.05753     -0.05535    16.89018    3.05753
6X6         1.5         2.0         0.1         1.9337      -28.0       0.79595     26.5        1.20954     -30.6       -25.4       0.29469     1.45978     23.9        29.1        1.72878     0.55201     -32.6       -28.0       -23.5       0.14224     0.79595     1.7559      22.0        26.5        31.1        1.8576      1.20954     0.24657     0.00293     eq25        0.27554     -28.03419   2.60798     -0.27554    26.53419    2.60798
6X6         5.0         2.0         0.1         1.6217      -29.1       0.68374     27.6        0.99055     -31.8       -26.4       0.26048     1.22039     24.9        30.3        1.4043      0.45624     -33.8       -29.1       -24.4       0.15051     0.68374     1.45308     22.9        27.6        32.3        1.52642     0.99055     0.2204      0.00267     lt25        0.21436     -29.08256   2.71528     -0.21436    27.58256    2.71529
6X6         10.0        2.0         0.1         1.1988      -30.6       0.51913     29.1        0.73118     -33.4       -27.8       0.22322     0.90749     26.3        31.9        1.04033     0.34085     -35.4       -30.6       -25.7       0.1402      0.51913     1.07626     24.2        29.1        33.9        1.12306     0.73118     0.1861      0.00313     lt25        0.14878     -30.55847   2.80022     -0.14878    29.05847    2.80022
6X6         20.0        2.0         0.1         0.64969     -33.5       0.29463     32.0        0.40544     -36.5       -30.5       0.13531     0.49701     29.0        35.0        0.55844     0.2027      -38.7       -33.5       -28.3       0.09114     0.29463     0.58007     26.8        32.0        37.2        0.60386     0.40544     0.11794     0.00375     eq25        0.0728      -33.52579   2.99158     -0.0728     32.02579    2.99159
6X6         30.0        2.0         0.1         0.36011     -36.5       0.16749     35.0        0.2221      -39.7       -33.4       0.07879     0.27398     31.9        38.2        0.30957     0.11072     -42.0       -36.5       -31.1       0.05482     0.16749     0.31872     29.6        35.0        40.5        0.33319     0.2221      0.06801     0.00267     eq25        0.03742     -36.51081   3.14977     -0.03742    35.01081    3.14978
15X15       1.5         2.0         0.1         1.6897      -69.5       0.7283      68.0        1.0817      -72.1       -66.9       0.28075     1.28938     65.4        70.6        1.50568     0.5133      -74.0       -69.5       -65.0       0.17155     0.7283      1.5366      63.5        68.0        72.5        1.62605     1.0817      0.25776     0.00603     eq25        0.23616     -69.50684   2.58206     -0.23616    68.00684    2.58206
15X15       5.0         2.0         0.1         1.4548      -72.1       0.63892     70.6        0.91108     -74.8       -69.4       0.29467     1.09512     67.9        73.3        1.27227     0.45653     -76.8       -72.1       -67.4       0.19224     0.63892     1.29559     65.9        70.6        75.3        1.36264     0.91108     0.26001     0.00711     eq25        0.18269     -72.10709   2.69947     -0.18269    70.60709    2.69947
15X15       10.0        2.0         0.1         1.1288      -75.9       0.49965     74.4        0.69044     -78.7       -73.0       0.25624     0.83511     71.5        77.2        0.94933     0.36746     -80.8       -75.9       -70.9       0.18366     0.49965     0.97384     69.4        74.4        79.3        1.02014     0.69044     0.22918     0.00819     eq25        0.12478     -75.85443   2.83909     -0.12478    74.35443    2.83909
15X15       20.0        2.0         0.1         0.65667     -83.3       0.30772     81.8        0.39881     -86.4       -80.3       0.17046     0.47903     78.8        84.9        0.52907     0.22564     -88.6       -83.3       -78.0       0.13414     0.30772     0.55173     76.5        81.8        87.1        0.57025     0.39881     0.15686     0.00574     lt25        0.06064     -83.3164    3.06091     -0.06064    81.8164     3.06093
15X15       30.0        2.0         0.1         0.37965     -90.8       0.18246     89.3        0.22817     -94.0       -87.6       0.10706     0.27509     86.1        92.5        0.303       0.13611     -96.4       -90.8       -85.2       0.08755     0.18246     0.31169     83.7        89.3        94.9        0.32325     0.22817     0.09903     0.00541     eq25        0.03116     -90.79791   3.21289     -0.03116    89.29791    3.21293
4X4         1.5         2.0         0.1         1.8932      -18.8       0.7861      17.3        1.17012     -21.4       -16.2       0.27263     1.44815     14.7        19.9        1.67297     0.50135     -23.4       -18.8       -14.3       0.12176     0.7861      1.72659     12.8        17.3        21.9        1.81576     1.17012     0.2002      0.00153     lt25        0.27426     -18.8344    2.60954     -0.27426    17.3344     2.60954
4X4         5.0         2.0         0.1         1.5666      -19.5       0.65252     18.0        0.97698     -22.2       -16.8       0.23202     1.18459     15.3        20.7        1.37711     0.43918     -24.2       -19.5       -14.9       0.12145     0.65252     1.40803     13.4        18.0        22.7        1.49251     0.97698     0.20247     0.00232     eq25        0.21467     -19.51276   2.68949     -0.21467    18.01276    2.68949
4X4         10.0        2.0         0.1         1.1389      -20.5       0.4897      19.0        0.70212     -23.3       -17.7       0.19393     0.87367     16.2        21.8        1.00649     0.31435     -25.3       -20.5       -15.7       0.11026     0.4897      1.03388     14.2        19.0        23.8        1.08225     0.70212     0.15799     0.00269     eq25        0.14853     -20.50582   2.76898     -0.14853    19.00582    2.76898
4X4         20.0        2.0         0.1         0.60543     -22.5       0.26677     21.0        0.37125     -25.4       -19.5       0.11334     0.46579     18.0        23.9        0.53651     0.17291     -27.6       -22.5       -17.4       0.06765     0.26677     0.54792     15.9        21.0        26.1        0.57528     0.37125     0.08925     0.0023      eq25        0.07271     -22.47083   2.95318     -0.07271    20.97083    2.95318
4X4         30.0        2.0         0.1         0.33272     -24.4       0.15193     22.9        0.20627     -27.6       -21.3       0.06376     0.25713     19.8        26.1        0.29241     0.09422     -29.8       -24.4       -19.1       0.0402      0.15193     0.30029     17.6        22.9        28.3        0.31448     0.20627     0.05306     0.0016      eq25        0.03737     -24.44527   3.11467     -0.03737    22.94527    3.11467
2X2         1.5         2.0         0.1         3.7226      -9.6        1.4855      8.1         2.31575     -12.2       -7.0        0.44111     2.8074      5.5         10.7        3.33087     0.98625     -14.1       -9.6        -5.1        0.17453     1.4855      3.40062     3.6         8.1         12.6        3.6137      2.31575     0.38284     0.00158     lt25        0.55674     -9.59851    2.5863      -0.55674    8.09851     2.5863
2X2         5.0         2.0         0.1         3.0008      -9.9        1.23083     8.4         1.8807      -12.6       -7.3        0.41372     2.27219     5.8         11.1        2.70024     0.81079     -14.5       -9.9        -5.4        0.183       1.23083     2.74592     3.9         8.4         13.0        2.90957     1.8807      0.35448     0.00169     lt25        0.43366     -9.93594    2.64405     -0.43366    8.43594     2.64405
2X2         10.0        2.0         0.1         2.1565      -10.4       0.90158     8.9         1.33265     -13.1       -7.7        0.32446     1.65284     6.2         11.6        1.92651     0.5817      -15.1       -10.4       -5.7        0.15048     0.90158     1.98223     4.2         8.9         13.6        2.07838     1.33265     0.256       0.00234     eq25        0.30064     -10.41994   2.70938     -0.30064    8.91994     2.70937
2X2         20.0        2.0         0.1         1.1353      -11.4       0.47588     9.9         0.69727     -14.3       -8.5        0.16519     0.8736      7.0         12.8        1.00019     0.30327     -16.4       -11.4       -6.4        0.08277     0.47588     1.03836     4.9         9.9         14.9        1.08987     0.69727     0.13841     0.00183     eq25        0.14803     -11.3844    2.87452     -0.14803    9.8844      2.87452
2X2         30.0        2.0         0.1         0.6186      -12.4       0.26255     10.9        0.37287     -15.4       -9.3        0.09735     0.47686     7.8         13.9        0.5489      0.1592      -17.6       -12.4       -7.1        0.04899     0.26255     0.56533     5.6         10.9        16.1        0.59454     0.37287     0.07224     0.00124     eq25        0.07589     -12.35148   3.04445     -0.07589    10.85148    3.04445
20X20       1.5         2.0         0.1         1.4791      -92.4       0.66121     90.9        0.95418     -95.0       -89.9       0.28444     1.1467      88.4        93.5        1.32362     0.46295     -96.9       -92.4       -88.0       0.17235     0.66121     1.3708      86.5        90.9        95.4        1.42623     0.95418     0.24909     0.00644     eq25        0.2059      -92.44035   2.57587     -0.2059     90.94035    2.57587
20X20       5.0         2.0         0.1         1.281       -95.9       0.57168     94.4        0.81345     -98.6       -93.3       0.27047     0.95743     91.8        97.1        1.11383     0.41671     -100.6      -95.9       -91.3       0.18307     0.57168     1.13565     89.8        94.4        99.1        1.19562     0.81345     0.24328     0.00757     eq25        0.15946     -95.93316   2.67539     -0.15946    94.43316    2.67539
20X20       10.0        2.0         0.1         1.0052      -100.9      0.46284     99.4        0.61711     -103.8      -98.1       0.23284     0.74756     96.6        102.3       0.83456     0.3287      -105.8      -100.9      -96.0       0.17704     0.46284     0.86755     94.5        99.4        104.3       0.89811     0.61711     0.21289     0.00703     lt25        0.10785     -100.92336  2.837       -0.10785    99.42336    2.83701
20X20       20.0        2.0         0.1         0.59893     -110.9      0.28033     109.4       0.35607     -113.9      -107.9      0.16198     0.42814     106.4       112.4       0.47172     0.21094     -116.2      -110.9      -105.6      0.1305      0.28033     0.48801     104.1       109.4       114.7       0.50552     0.35607     0.14928     0.00605     lt25        0.05221     -110.90006  3.04761     -0.05221    109.40006   3.04763
20X20       30.0        2.0         0.1         0.35308     -120.9      0.16789     119.4       0.20687     -124.1      -117.7      0.10375     0.24682     116.2       122.6       0.26986     0.12848     -126.5      -120.9      -115.3      0.08721     0.16789     0.27775     113.8       119.4       125.0       0.28744     0.20687     0.09692     0.00569     eq25        0.02646     -120.90753  3.22501     -0.02646    119.40753   3.225
30X30       1.5         2.0         0.1         1.338       -138.2      0.6115      136.7       0.88663     -140.8      -135.7      0.27121     1.0532      134.2       139.3       1.2302      0.43807     -142.6      -138.2      -133.8      0.17429     0.6115      1.26108     132.3       136.7       141.1       1.31568     0.88663     0.25003     0.00628     lt25        0.18963     -138.22725  2.53415     -0.18963    136.72725   2.53415
30X30       5.0         2.0         0.1         1.1671      -143.5      0.53125     142.0       0.74706     -146.1      -140.8      0.25455     0.88878     139.3       144.6       1.01845     0.39897     -148.1      -143.5      -138.9      0.18404     0.53125     1.03856     137.4       142.0       146.6       1.09388     0.74706     0.23635     0.00878     eq25        0.1444      -143.47936  2.65564     -0.1444     141.97936   2.65565
30X30       10.0        2.0         0.1         0.93263     -151.0      0.42842     149.5       0.56728     -153.8      -148.1      0.23084     0.69113     146.6       152.3       0.7683      0.31663     -155.8      -151.0      -146.1      0.18106     0.42842     0.7927      144.6       149.5       154.3       0.82109     0.56728     0.21301     0.00969     eq25        0.09667     -150.95738  2.8128      -0.09667    149.45738   2.81281
30X30       20.0        2.0         0.1         0.57207     -165.9      0.26392     164.4       0.33402     -169.0      -162.9      0.16368     0.39137     161.4       167.5       0.43287     0.202       -171.2      -165.9      -160.6      0.1351      0.26392     0.44603     159.1       164.4       169.7       0.46224     0.33402     0.15022     0.00849     eq25        0.04563     -165.91728  3.05777     -0.04563    164.41728   3.05777
30X30       30.0        2.0         0.1         0.34566     -180.9      0.15898     179.4       0.19232     -184.1      -177.6      0.10402     0.22883     176.1       182.6       0.24957     0.12554     -186.5      -180.9      -175.2      0.08892     0.15898     0.25565     173.7       179.4       185.0       0.26358     0.19232     0.09765     0.00613     eq25        0.02278     -180.87765  3.26937     -0.02278    179.37765   3.26939
40X40       1.5         2.0         0.1         1.2478      -184.1      0.58884     182.6       0.80933     -187.2      -181.0      0.25879     1.01071     179.5       185.7       1.15045     0.38719     -189.5      -184.1      -178.7      0.16003     0.58884     1.19437     177.2       182.6       188.0       1.24728     0.80933     0.1984      0.00487     lt25        0.14764     -184.08127  3.12768     -0.14764    182.58127   3.12768
40X40       5.0         2.0         0.1         1.0688      -191.1      0.50698     189.6       0.66492     -194.3      -187.8      0.24189     0.83918     186.3       192.8       0.93815     0.34731     -196.7      -191.1      -185.4      0.17318     0.50698     0.97335     183.9       189.6       195.2       1.01043     0.66492     0.21092     0.00633     lt25        0.1093      -191.05653  3.25162     -0.1093     189.55653   3.25163
40X40       10.0        2.0         0.1         0.8344      -201.0      0.39342     199.5       0.49814     -204.3      -197.6      0.21244     0.61879     196.1       202.8       0.68637     0.28153     -206.8      -201.0      -195.2      0.16438     0.39342     0.70557     193.7       199.5       205.3       0.73035     0.49814     0.18908     0.00901     eq25        0.07232     -200.98071  3.33509     -0.07232    199.48071   3.3351
40X40       20.0        2.0         0.1         0.49363     -220.8      0.22807     219.3       0.2762      -224.4      -217.3      0.13887     0.33322     215.8       222.9       0.36379     0.16876     -226.9      -220.8      -214.7      0.1162      0.22807     0.3751      213.2       219.3       225.4       0.38633     0.2762      0.12762     0.00761     eq25        0.03288     -220.8367   3.51597     -0.03288    219.3367    3.516
40X40       30.0        2.0         0.1         0.28876     -240.7      0.13        239.2       0.1535      -244.4      -237.1      0.08524     0.18239     235.6       242.9       0.19676     0.09972     -247.1      -240.7      -234.4      0.07322     0.13        0.20317     232.9       239.2       245.6       0.2088      0.1535      0.07849     0.00522     eq25        0.01586     -240.74664  3.67346     -0.01586    239.24664   3.67346
10X10       1.5         2.0         0.1         2.0825      -46.5       0.88379     45.0        1.29645     -49.1       -43.9       0.35015     1.59537     42.4        47.6        1.841       0.59753     -51.0       -46.5       -42.0       0.19264     0.88379     1.9065      40.5        45.0        49.5        1.9872      1.29645     0.29805     0.00521     eq25        0.29165     -46.50087   2.6037      -0.29165    45.00087    2.6037
10X10       5.0         2.0         0.1         1.7762      -48.2       0.77084     46.7        1.10385     -50.9       -45.5       0.33669     1.33597     44.0        49.4        1.5573      0.53728     -52.9       -48.2       -43.5       0.20557     0.77084     1.58373     42.0        46.7        51.4        1.663       1.10385     0.29012     0.00499     lt25        0.22718     -48.23609   2.70683     -0.22718    46.73609    2.70683
10X10       10.0        2.0         0.1         1.3465      -50.7       0.60287     49.2        0.82535     -53.5       -47.9       0.28535     1.01359     46.4        52.0        1.14694     0.41175     -55.6       -50.7       -45.8       0.19267     0.60287     1.18888     44.3        49.2        54.1        1.23673     0.82535     0.24006     0.00571     lt25        0.15628     -50.70088   2.83024     -0.15628    49.20088    2.83024
10X10       20.0        2.0         0.1         0.75771     -55.7       0.34778     54.2        0.46555     -58.7       -52.7       0.18346     0.56159     51.2        57.2        0.62949     0.25165     -60.9       -55.7       -50.5       0.13584     0.34778     0.65104     49.0        54.2        59.4        0.67812     0.46555     0.16367     0.00664     eq25        0.07666     -55.69151   3.0163      -0.07666    54.19151    3.0163
10X10       30.0        2.0         0.1         0.42718     -60.7       0.20353     59.2        0.26035     -63.9       -57.4       0.10967     0.32115     55.9        62.4        0.35687     0.14543     -66.3       -60.7       -55.1       0.08497     0.20353     0.36618     53.6        59.2        64.8        0.38111     0.26035     0.09899     0.00345     lt25        0.03892     -60.66888   3.23298     -0.03892    59.16888    3.23298
