FS          d_cm        D(0)        p1d1sx      D(p1d1sx)   p1d1dx      D(p1d1dx)   p1d2sx      p2d2sx      D(p1d2sx)   D(p2d2sx)   p1d2dx      p2d2dx      D(p1d2dx)   D(p2d2dx)   p1d3sx      p2d3sx      p3d3sx      D(p1d3sx)   D(p2d3sx)   D(p3d3sx)   p1d3dx      p2d3dx      p3d3dx      D(p1d3dx)   D(p2d3dx)   D(p3d3dx)   D(IP-25)    off25
04X04       2.0         426.719     -19.75      222.426     19.75       222.426     -23.0       -17.0       78.54       342.559     17.0        23.0        342.559     78.54       -25.25      -20.75      -14.75      31.788      172.596     392.371     14.75       20.75       25.25       392.371     172.596     31.788      0.366       eq25
04X04       5.5         376.59      -20.75      186.833     20.75       186.833     -24.0       -17.0       71.247      316.765     17.0        24.0        316.765     71.247      -25.75      -20.25      -15.75      38.997      207.436     338.919     15.75       20.25       25.75       338.919     207.436     38.997      0.561       eq25
04X04       10.0        275.906     -21.75      139.261     21.75       139.261     -25.0       -18.5       57.802      221.682     18.5        25.0        221.682     57.802      -27.25      -21.25      -16.75      29.969      153.626     246.365     16.75       21.25       27.25       246.365     153.626     29.969      0.66        eq25
04X04       15.0        209.64      -22.75      110.436     22.75       110.436     -26.5       -19.5       43.214      169.065     19.5        26.5        169.065     43.214      -28.25      -22.75      -17.75      27.111      110.436     186.752     17.75       22.75       28.25       186.752     110.436     27.111      0.686       eq25
04X04       20.0        149.87      -24.25      74.127      24.25       74.127      -27.5       -20.5       33.93       121.117     20.5        27.5        121.117     33.93       -29.75      -24.25      -17.25      19.456      74.127      139.103     17.25       24.25       29.75       139.103     74.127      19.456      0.581       eq25
04X04       25.0        108.45      -25.25      55.146      25.25       55.146      -29.0       -22.0       23.265      84.322      22.0        29.0        84.322      23.265      -31.25      -24.25      -19.75      14.095      65.047      96.04       19.75       24.25       31.25       96.04       65.047      14.095      0.479       eq25
04X04       28.5        87.937      -25.75      46.829      25.75       46.829      -29.0       -22.5       23.227      69.331      22.5        29.0        69.331      23.227      -31.25      -26.75      -19.75      13.834      38.873      79.487      19.75       26.75       31.25       79.487      38.873      13.834      0.427       eq25
07X07       2.0         437.148     -31.75      222.455     31.75       222.455     -35.5       -29.0       68.286      338.38      29.0        35.5        338.38      68.286      -37.25      -31.75      -26.75      36.227      222.455     386.768     26.75       31.75       37.25       386.768     222.455     36.227      0.611       eq25
07X07       5.5         391.554     -33.25      187.751     33.25       187.751     -37.0       -30.0       64.835      301.594     30.0        37.0        301.594     64.835      -38.25      -33.25      -27.75      44.859      187.751     342.151     27.75       33.25       38.25       342.151     187.751     44.859      0.911       eq25
07X07       10.0        292.06      -34.75      146.116     34.75       146.116     -38.5       -31.5       57.742      224.858     31.5        38.5        224.858     57.742      -40.75      -34.25      -29.75      34.356      160.0       248.495     29.75       34.25       40.75       248.495     160.0       34.356      1.156       lt25
07X07       15.0        225.17      -36.75      111.084     36.75       111.084     -40.5       -33.0       47.841      175.85      33.0        40.5        175.85      47.841      -42.75      -36.75      -30.75      30.343      111.084     194.986     30.75       36.75       42.75       194.986     111.084     30.343      1.131       eq25
07X07       20.0        162.65      -38.25      85.53       38.25       85.53       -42.5       -35.0       35.561      124.568     35.0        42.5        124.568     35.561      -44.25      -38.25      -32.75      25.689      85.53       139.272     32.75       38.25       43.75       139.272     85.53       27.904      1.034       eq25
07X07       25.0        118.05      -40.25      60.769      40.25       60.769      -44.0       -36.5       29.216      91.641      36.5        44.0        91.641      29.216      -46.25      -40.25      -34.25      19.549      60.769      101.266     34.25       40.25       46.25       101.266     60.769      19.549      0.902       lt25
07X07       28.5        96.188      -41.75      47.443      41.75       47.443      -45.5       -37.5       23.221      75.328      38.0        45.5        72.957      23.221      -47.75      -41.75      -36.25      16.08       47.443      79.909      36.25       41.75       47.75       79.909      47.443      16.08       0.84        lt25
10X10       2.0         447.29      -47.75      208.083     47.75       208.083     -51.0       -45.0       78.911      320.062     45.0        51.0        320.062     78.911      -53.25      -47.75      -42.75      37.706      208.083     369.467     42.75       47.75       53.25       369.467     208.083     37.706      0.909       eq25
10X10       5.5         403.46      -49.75      182.394     49.75       182.394     -53.0       -46.0       78.156      301.502     46.0        53.0        301.502     78.156      -55.25      -49.25      -44.75      43.765      201.042     322.793     44.75       49.25       55.25       322.793     201.042     43.765      1.308       eq25
10X10       10.0        308.092     -52.25      140.5       52.25       140.5       -55.5       -48.5       66.964      225.333     48.5        55.5        225.333     66.964      -57.75      -52.75      -47.25      41.926      127.488     241.207     47.25       52.75       57.75       241.207     127.488     41.926      1.533       eq25
10X10       15.0        240.19      -54.75      117.989     54.75       117.989     -58.5       -51.5       56.219      171.112     51.5        58.5        171.112     56.219      -60.25      -54.75      -49.25      40.684      117.989     191.048     49.25       54.75       60.25       191.048     117.989     40.684      1.621       eq25
10X10       20.0        174.89      -57.75      83.047      57.75       83.047      -61.5       -54.5       41.697      121.215     54.5        61.5        121.215     41.697      -63.25      -57.25      -52.25      31.648      89.577      136.542     52.25       57.25       63.25       136.542     89.577      31.648      1.431       eq25
10X10       25.0        129.25      -60.25      63.938      60.25       63.938      -64.5       -56.5       31.052      92.977      56.5        64.5        92.977      31.052      -66.75      -60.75      -52.75      23.135      59.36       105.83      52.75       60.75       66.75       105.83      59.36       23.135      1.208       eq25
10X10       28.5        105.11      -62.25      50.683      62.25       50.683      -66.0       -59.0       27.235      71.924      59.0        66.0        71.924      27.235      -68.25      -61.75      -55.25      20.029      54.316      84.359      55.25       61.75       68.25       84.359      54.316      20.029      1.035       eq25
15X15       2.0         455.886     -71.75      197.503     71.75       197.503     -75.0       -69.0       79.299      297.157     69.0        75.0        297.157     79.299      -77.25      -72.75      -66.75      40.668      156.572     340.109     66.75       72.75       77.25       340.109     156.572     40.668      1.25        eq25
15X15       5.5         416.206     -74.75      171.162     74.75       171.162     -78.0       -71.0       77.201      279.25      71.0        78.0        279.25      77.201      -80.25      -74.25      -69.75      46.481      187.992     298.776     69.75       74.25       80.25       298.776     187.992     46.481      1.706       eq25
15X15       10.0        322.092     -78.25      139.213     78.25       139.213     -82.0       -75.0       64.045      206.496     75.0        82.0        206.496     64.045      -83.75      -77.75      -73.25      46.851      151.021     227.143     73.25       77.75       83.75       227.143     151.021     46.851      1.989       eq25
15X15       15.0        256.78      -82.75      108.873     82.75       108.873     -86.0       -79.0       60.822      164.72      79.0        86.0        164.72      60.822      -87.25      -82.75      -76.75      49.481      108.873     182.386     76.75       82.75       87.25       182.386     108.873     49.481      2.08        eq25
15X15       20.0        189.73      -86.75      82.781      86.75       82.781      -90.5       -83.5       45.234      117.156     83.5        90.5        117.156     45.234      -92.75      -87.75      -82.25      34.389      71.231      126.038     82.25       87.75       92.75       126.038     71.231      34.389      1.859       eq25
15X15       25.0        140.93      -90.75      62.712      90.75       62.712      -94.5       -87.5       35.991      86.698      87.5        94.5        86.698      35.991      -97.25      -89.25      -84.75      26.661      74.723      98.247      84.75       89.25       97.25       98.247      74.723      26.661      1.566       eq25
15X15       28.5        115.012     -93.75      49.805      93.75       49.805      -97.0       -89.5       31.105      73.806      90.0        97.0        71.697      31.105      -98.25      -95.25      -87.25      26.605      40.258      80.404      87.25       95.25       98.25       80.404      40.258      26.605      1.35        eq25
20X20       2.0         460.1       -96.25      172.63      96.25       172.63      -100.0      -93.0       60.12       277.85      93.0        100.0       277.85      60.12       -101.25     -95.25      -90.75      43.346      209.372     312.568     90.75       95.25       101.25      312.568     209.372     43.346      1.463       eq25
20X20       5.5         436.17      -99.75      170.463     99.75       170.463     -103.5      -96.5       71.919      258.177     96.5        103.5       258.177     71.919      -104.75     -98.75      -94.75      54.997      201.034     283.962     94.75       98.75       104.75      283.962     201.034     54.997      2.016       eq25
20X20       10.0        340.01      -104.75     133.199     104.75      133.199     -108.5      -101.5      64.383      195.532     101.5       108.5       195.532     64.383      -110.75     -105.25     -99.25      46.123      122.356     218.779     99.25       105.25      110.75      218.779     122.356     46.123      2.273       eq25
20X20       15.0        265.48      -110.25     108.787     110.25      108.787     -114.5      -107.0      54.578      151.658     107.0       114.5       151.658     54.578      -116.75     -109.75     -104.75     41.925      116.303     168.037     104.75      109.75      116.75      168.037     116.303     41.925      2.338       eq25
20X20       20.0        198.3       -115.75     81.755      115.75      81.755      -120.0      -112.5      44.2        111.508     112.5       120.0       111.508     44.2        -121.25     -115.25     -110.75     38.316      86.938      121.214     110.25      115.25      121.25      123.238     86.938      38.316      2.079       eq25
20X20       25.0        148.15      -121.25     61.193      121.25      61.193      -125.5      -118.5      34.967      79.648      118.5       125.0       79.648      37.176      -127.75     -122.75     -114.25     28.276      50.432      94.208      114.25      120.75      147.75      94.208      64.838      17.32       1.749       eq25
20X20       28.5        121.47      -124.75     51.066      124.75      51.066      -129.0      -121.0      29.804      69.352      121.0       129.0       69.352      29.804      -132.75     -124.25     -47.25      22.1        53.959      112.117     47.25       124.25      147.75      112.117     53.959      15.838      1.584       lt25
24X24       2.0         464.951     -116.25     166.341     116.25      166.341     -120.0      -113.0      60.621      261.131     113.0       120.0       261.131     60.621      -121.25     -116.25     -110.75     44.202      166.341     291.214     110.75      116.25      121.25      291.214     166.341     44.202      1.621       eq25
24X24       5.5         440.268     -120.75     156.482     120.75      156.482     -124.0      -117.5      76.188      237.553     117.5       124.0       237.553     76.188      -126.25     -120.75     -115.25     49.057      156.482     266.616     115.25      120.75      126.25      266.616     156.482     49.057      2.151       eq25
24X24       10.0        344.948     -126.75     123.453     126.75      123.453     -130.5      -123.5      61.711      181.092     123.5       130.5       181.092     61.711      -132.75     -125.75     -121.25     45.343      143.122     202.763     121.25      125.75      132.75      202.763     143.122     45.343      2.373       eq25
24X24       15.0        271.1       -133.75     97.45       133.75      97.45       -137.5      -129.5      54.446      146.828     129.5       137.5       146.828     54.446      -139.75     -133.75     -128.25     42.258      97.45       154.801     128.25      133.75      139.75      154.801     97.45       42.258      2.457       eq25
24X24       20.0        202.74      -140.25     75.097      140.25      75.097      -143.5      -136.5      47.771      105.867     136.5       143.5       105.867     47.771      -146.75     -141.25     -134.75     34.307      65.772      114.159     134.75      141.25      158.75      114.159     65.772      24.676      2.468       lt25
24X24       25.0        /
24X24       28.5        124.62      -151.25     46.867      151.25      46.867      -155.5      -147.0      28.334      65.555      147.0       155.5       65.555      28.334      -156.75     -152.25     -146.25     25.317      41.721      67.611      145.25      152.25      179.25      69.771      41.721      14.983      1.541       eq25
