deriv_1, deriv_2, dose_1, dose_2, dose_0, second_deriv_1, second_deriv_2

depth                                                       10X10                                                       15X15                                                       20X20                                                       24X24                                                       4X4                                                         7X7                                                         
2.0                                                         4.775, 4.775, 196.44, 196.44, 424.81, 5.1, 4.55             7.225, 7.225, 168.62, 168.62, 433.32, 7.5, 6.95             9.625, 9.625, 169.325, 169.325, 436.21, 10.05, 9.35         11.625, 11.625, 162.715, 162.715, 441.11, 12.05, 11.35      1.975, 1.975, 203.24, 203.24, 407.3, 2.35, 1.65             3.175, 3.175, 211.16, 211.16, 416.58, 3.5, 2.95             
5.5                                                         4.975, 4.975, 161.905, 161.905, 354.55, 5.35, 4.75          7.475, 7.475, 154.965, 154.965, 364.39, 7.8, 7.25           10.025, 10.025, 140.935, 140.935, 371.23, 10.3, 9.75        12.075, 12.075, 143.05, 143.05, 375.16, 12.35, 11.85        2.075, 2.075, 156.2, 156.2, 325.41, 2.45, 1.75              3.325, 3.325, 166.37, 166.37, 342.79, 3.65, 3.05            
10.0                                                        5.225, 5.175, 124.735, 136.885, 271.45, 5.6, 4.9            7.825, 7.825, 126.225, 126.225, 283.39, 8.2, 7.6            10.525, 10.525, 110.955, 110.955, 290.86, 10.85, 10.1       12.625, 12.625, 121.26, 121.26, 295.42, 13.0, 12.4          2.075, 2.075, 144.095, 144.095, 240.53, 2.6, 1.8            3.475, 3.475, 130.35, 130.35, 256.96, 3.85, 3.2             
15.0                                                        5.525, 5.525, 107.03, 107.03, 225.01, 6.0, 5.25             8.275, 8.275, 113.69, 113.69, 242.91, 8.75, 8.05            11.075, 11.075, 107.25, 107.25, 250.07, 11.55, 10.85        13.425, 13.425, 98.715, 98.715, 256.08, 13.8, 13.1          2.275, 2.275, 102.531, 102.531, 196.26, 2.75, 2.05          3.675, 3.675, 107.605, 107.605, 212.97, 4.1, 3.45           
20.0                                                        5.825, 5.825, 74.934, 74.934, 162.89, 6.3, 5.45             8.775, 8.775, 74.334, 74.334, 179.42, 9.2, 8.45             11.675, 11.675, 75.527, 75.527, 186.74, 12.1, 11.25         14.175, 14.175, 65.614, 65.614, 189.95, 14.5, 13.9          2.475, 2.475, 61.685, 61.685, 140.52, 2.9, 2.15             3.825, 3.825, 82.391, 82.391, 152.71, 4.3, 3.55             
25.0                                                        6.125, 6.125, 53.258, 53.258, 119.72, 6.6, 5.6              9.025, 9.025, 68.098, 68.098, 132.62, 9.65, 8.8             12.225, 12.225, 56.435, 56.435, 138.81, 12.65, 11.9         /                                                           2.525, 2.525, 50.785, 50.785, 101.09, 3.0, 2.2              4.125, 4.125, 49.075, 49.075, 110.82, 4.5, 3.9              
28.5                                                        6.225, 6.225, 48.968, 48.968, 97.136, 6.75, 5.9             9.375, 9.375, 50.643, 50.643, 108.28, 9.9, 9.0              12.625, 12.625, 44.345, 44.345, 113.78, 13.05, 12.25        15.225, 15.225, 43.984, 43.984, 116.64, 15.6, 14.85         2.625, 2.625, 39.169, 39.169, 81.875, 3.1, 2.3              4.225, 4.225, 41.789, 41.789, 89.903, 4.6, 3.9              
