FS          d_cm        D(0)        p1d1sx      D(p1d1sx)   p1d1dx      D(p1d1dx)   p1d2sx      p2d2sx      D(p1d2sx)   D(p2d2sx)   p1d2dx      p2d2dx      D(p1d2dx)   D(p2d2dx)   p1d3sx      p2d3sx      p3d3sx      D(p1d3sx)   D(p2d3sx)   D(p3d3sx)   p1d3dx      p2d3dx      p3d3dx      D(p1d3dx)   D(p2d3dx)   D(p3d3dx)   D(IP-25)    off25
04X04       2.0         452.38      -20.25      213.645     20.25       213.645     -23.25      -16.75      73.412      377.45      16.75       23.25       377.45      73.412      -25.25      -20.25      -14.75      31.761      213.645     418.0       14.75       20.25       25.25       418.0       213.645     31.761      0.374       eq25
04X04       5.5         432.77      -20.75      214.29      20.75       214.29      -23.75      -17.25      86.273      360.29      17.25       23.75       360.29      86.273      -26.25      -20.75      -14.75      34.718      214.29      404.525     14.75       20.75       26.25       404.525     214.29      34.718      0.606       eq25
04X04       10.0        314.98      -21.75      158.805     21.75       158.805     -25.25      -18.25      57.975      259.705     18.25       25.25       259.705     57.975      -27.75      -21.75      -15.75      27.788      158.805     291.585     15.75       21.75       27.75       291.585     158.805     27.788      0.732       eq25
04X04       15.0        222.13      -22.75      116.025     22.75       116.025     -26.25      -19.25      46.154      183.31      19.25       26.25       183.31      46.154      -28.75      -22.75      -16.75      23.271      116.025     205.2       16.75       22.75       28.75       205.2       116.025     23.271      0.703       eq25
04X04       20.0        158.72      -23.75      85.448      23.75       85.448      -27.75      -20.25      31.401      131.405     20.25       27.75       131.405     31.401      -30.25      -23.75      -17.75      17.175      85.448      146.35      17.75       23.75       30.25       146.35      85.448      17.175      0.613       eq25
04X04       25.0        115.02      -25.25      58.007      25.25       58.007      -28.75      -21.25      24.737      95.309      21.25       28.75       95.309      24.737      -31.25      -25.25      -18.75      13.776      58.007      105.59      18.75       25.25       31.25       105.59      58.007      13.776      0.499       eq25
04X04       28.5        93.434      -25.75      49.368      25.75       49.368      -29.75      -22.25      19.314      75.442      22.25       29.75       75.442      19.314      -32.25      -25.75      -19.25      11.134      49.368      85.754      19.25       25.75       32.25       85.754      49.368      11.134      0.434       eq25
07X07       2.0         464.65      -31.75      236.415     31.75       236.415     -35.25      -28.75      74.947      370.49      28.75       35.25       370.49      74.947      -37.25      -31.75      -26.75      35.44       236.415     412.475     26.75       31.75       37.25       412.475     236.415     35.44       0.646       eq25
07X07       5.5         445.24      -32.75      229.63      32.75       229.63      -36.25      -29.75      85.825      348.875     29.75       36.25       348.875     85.825      -38.75      -32.75      -27.25      39.638      229.63      395.42      27.25       32.75       38.75       395.42      229.63      39.638      1.011       eq25
07X07       10.0        329.63      -34.75      159.81      34.75       159.81      -38.25      -31.25      64.244      257.75      31.25       38.25       257.75      64.244      -40.75      -34.75      -28.75      35.283      159.81      290.03      28.75       34.75       40.75       290.03      159.81      35.283      1.192       eq25
07X07       15.0        236.65      -36.25      123.18      36.25       123.18      -40.25      -32.75      48.403      187.385     32.75       40.25       187.385     48.403      -42.75      -36.25      -30.25      29.079      123.18      207.62      30.25       36.25       42.75       207.62      123.18      29.079      1.183       eq25
07X07       20.0        172.71      -38.25      87.702      38.25       87.702      -41.75      -34.75      40.909      134.03      34.75       41.75       134.03      40.909      -44.75      -38.25      -31.75      23.219      87.702      151.92      31.75       38.25       44.75       151.92      87.702      23.219      1.051       eq25
07X07       25.0        125.04      -40.25      61.803      40.25       61.803      -43.75      -36.25      29.822      97.938      36.25       43.75       97.938      29.822      -46.75      -40.25      -33.25      17.819      61.803      109.945     33.25       40.25       46.75       109.945     61.803      17.819      0.91        lt25
07X07       28.5        102.46      -41.25      52.995      41.25       52.995      -45.25      -37.25      24.087      81.132      37.25       45.25       81.132      24.087      -47.75      -41.25      -34.75      16.195      52.995      89.059      34.75       41.25       47.75       89.059      52.995      16.195      0.886       lt25
10X10       2.0         478.66      -47.75      222.535     47.75       222.535     -50.75      -44.75      87.806      354.22      44.75       50.75       354.22      87.806      -53.25      -47.75      -42.25      37.544      222.535     403.63      42.25       47.75       53.25       403.63      222.535     37.544      0.951       eq25
10X10       5.5         457.79      -49.25      221.345     49.25       221.345     -52.75      -46.25      87.066      335.0       46.25       52.75       335.0       87.066      -55.25      -49.25      -43.75      44.425      221.345     380.285     43.75       49.25       55.25       380.285     221.345     44.425      1.446       eq25
10X10       10.0        348.39      -51.75      169.275     51.75       169.275     -55.25      -48.25      74.608      259.53      48.25       55.25       259.53      74.608      -57.75      -51.75      -45.75      43.651      169.275     287.46      45.75       51.75       57.75       287.46      169.275     43.651      1.715       eq25
10X10       15.0        253.72      -54.75      118.795     54.75       118.795     -58.25      -50.75      56.216      189.125     50.75       58.25       189.125     56.216      -60.75      -54.75      -48.25      36.359      118.795     207.625     48.25       54.75       60.75       207.625     118.795     36.359      1.689       eq25
10X10       20.0        185.86      -57.25      90.944      57.25       90.944      -61.25      -53.75      41.842      134.235     53.75       61.25       134.235     41.842      -63.75      -57.25      -50.75      29.095      90.944      150.795     50.75       57.25       63.75       150.795     90.944      29.095      1.502       eq25
10X10       25.0        137.29      -59.75      69.88       59.75       69.88       -63.75      -56.25      34.086      99.614      56.25       63.75       99.614      34.086      -66.75      -59.75      -53.25      22.752      69.88       111.155     53.25       59.75       66.75       111.155     69.88       22.752      1.269       eq25
10X10       28.5        111.88      -61.75      55.261      61.75       55.261      -65.75      -57.75      27.523      82.072      57.75       65.75       82.072      27.523      -68.75      -61.75      -54.75      18.878      55.261      90.594      54.75       61.75       68.75       90.594      55.261      18.878      1.089       eq25
15X15       2.0         487.26      -71.75      210.745     71.75       210.745     -74.75      -68.75      87.346      329.045     68.75       74.75       329.045     87.346      -77.25      -71.75      -66.25      40.363      210.745     372.04      66.25       71.75       77.25       372.04      210.745     40.363      1.314       eq25
15X15       5.5         474.31      -74.25      205.05      74.25       205.05      -77.75      -70.75      84.347      323.21      70.75       77.75       323.21      84.347      -80.25      -74.25      -68.25      47.439      205.05      358.665     68.25       74.25       80.25       358.665     205.05      47.439      1.896       eq25
15X15       10.0        365.14      -77.75      165.34      77.75       165.34      -81.25      -74.25      78.02       245.49      74.25       81.25       245.49      78.02       -84.25      -77.75      -71.75      45.965      165.34      270.435     71.75       77.75       84.25       270.435     165.34      45.965      2.221       eq25
15X15       15.0        270.34      -82.25      115.275     82.25       115.275     -85.75      -78.25      58.887      179.615     78.25       85.75       179.615     58.887      -88.25      -82.25      -75.75      41.409      115.275     196.755     75.75       82.25       88.25       196.755     115.275     41.409      2.173       eq25
15X15       20.0        199.97      -86.25      87.275      86.25       87.275      -89.75      -82.25      47.757      131.62      82.25       89.75       131.62      47.757      -92.75      -86.25      -79.25      33.257      87.275      145.56      79.25       86.25       92.75       145.56      87.275      33.257      1.939       eq25
15X15       25.0        149.47      -90.25      66.432      90.25       66.432      -94.25      -86.25      35.245      97.605      86.25       94.25       97.605      35.245      -96.75      -90.25      -83.25      27.166      66.432      107.59      83.25       90.25       96.75       107.59      66.432      27.166      1.638       eq25
15X15       28.5        121.38      -92.75      56.198      92.75       56.198      -96.75      -88.75      30.873      80.259      88.75       96.75       80.259      30.873      -99.75      -92.75      -86.25      22.901      56.198      86.979      86.25       92.75       99.75       86.979      56.198      22.901      1.403       eq25
20X20       2.0         483.99      -95.75      195.915     95.75       195.915     -99.25      -92.75      72.445      299.065     92.75       99.25       299.065     72.445      -101.25     -95.75      -90.75      41.503      195.915     330.605     90.75       95.75       101.25      330.605     195.915     41.503      1.528       eq25
20X20       5.5         480.99      -99.25      192.79      99.25       192.79      -102.75     -96.25      83.12       287.08      96.25       102.75      287.08      83.12       -105.25     -99.25      -93.75      49.224      192.79      323.88      93.75       99.25       105.25      323.88      192.79      49.224      2.198       eq25
20X20       10.0        373.43      -104.25     149.655     104.25      149.655     -107.75     -100.75     72.998      223.675     100.75      107.75      223.675     72.998      -110.25     -104.25     -98.25      48.935      149.655     246.955     98.25       104.25      110.25      246.955     149.655     48.935      2.47        eq25
20X20       15.0        280.02      -109.75     112.52      109.75      112.52      -113.25     -106.25     60.62       164.045     106.25      113.25      164.045     60.62       -116.25     -109.75     -103.25     41.853      112.52      183.425     103.25      109.75      116.25      183.425     112.52      41.853      2.425       eq25
20X20       20.0        208.82      -115.25     84.446      115.25      84.446      -118.75     -111.25     48.447      123.425     111.25      118.75      123.425     48.447      -121.75     -115.25     -108.75     35.112      84.446      134.335     108.75      115.25      121.75      134.335     84.446      35.112      2.159       eq25
20X20       25.0        156.45      -120.75     63.243      120.75      63.243      -124.75     -116.75     35.806      91.099      116.75      124.75      91.099      35.806      -127.25     -120.75     -113.75     28.521      63.243      100.171     113.75      120.75      127.25      100.171     63.243      28.521      1.816       eq25
20X20       28.5        128.23      -124.25     52.7        124.25      52.7        -128.25     -120.25     30.455      74.459      120.25      128.25      74.459      30.455      -131.25     -124.25     -117.25     23.638      52.7        81.578      117.25      124.25      131.25      81.578      52.7        23.638      1.618       lt25
24X24       2.0         /
24X24       5.5         486.64      -120.25     178.305     120.25      178.305     -123.75     -116.75     78.311      274.66      116.75      123.75      274.66      78.311      -126.25     -120.25     -114.25     48.414      178.305     303.605     114.25      120.25      126.25      303.605     178.305     48.414      2.34        eq25
24X24       10.0        379.93      -126.25     139.085     126.25      139.085     -129.75     -122.75     69.769      208.205     122.75      129.75      208.205     69.769      -132.25     -126.25     -120.25     48.425      139.085     230.01      120.25      126.25      132.25      230.01      139.085     48.425      2.61        eq25
24X24       15.0        286.98      -132.75     107.8       132.75      107.8       -136.25     -129.25     59.938      154.52      129.25      136.25      154.52      59.938      -139.25     -132.75     -126.25     42.282      107.8       171.725     126.25      132.75      139.25      171.725     107.8       42.282      2.535       eq25
24X24       20.0        214.97      -139.25     83.191      139.25      83.191      -143.25     -135.75     46.012      114.82      135.75      143.25      114.82      46.012      -146.25     -139.25     -132.75     34.798      83.191      126.865     132.75      139.25      146.25      126.865     83.191      34.798      2.505       lt25
24X24       25.0        161.62      -146.25     59.801      146.25      59.801      -149.75     -142.25     37.102      85.59       142.25      149.75      85.59       37.102      -152.75     -146.25     -139.25     28.501      59.801      94.151      139.25      146.25      152.75      94.151      59.801      28.501      1.88        eq25
24X24       28.5        132.53      -150.25     51.079      150.25      51.079      -154.25     -146.25     30.552      70.732      146.25      154.25      70.732      30.552      -157.25     -150.25     -143.25     23.861      51.079      77.003      143.25      150.25      157.25      77.003      51.079      23.861      1.637       eq25
