FS          d_cm        ini_bin     bin         D(0)        p1d1sx      D(p1d1sx)   p1d1dx      D(p1d1dx)   p1d2sx      p2d2sx      D(p1d2sx)   D(p2d2sx)   p1d2dx      p2d2dx      D(p1d2dx)   D(p2d2dx)   p1d3sx      p2d3sx      p3d3sx      D(p1d3sx)   D(p2d3sx)   D(p3d3sx)   p1d3dx      p2d3dx      p3d3dx      D(p1d3dx)   D(p2d3dx)   D(p3d3dx)   D(IP-25)    off25       params
04X04       2.0         0.5         0.01        426.97      -19.93      213.3536    19.93       213.3536    -22.97      -16.89      74.57422    350.6792    16.89       22.97       350.6792    74.57422    -25.2       -19.93      -14.66      29.6998     213.3536    395.8692    14.66       19.93       25.2        395.8692    213.3536    29.6998     0.29203     lt25        52.67321    -19.92879   3.04333     -52.67321   19.92879    3.04333
04X04       5.5         0.5         0.01        376.59      -20.66      190.428     20.66       190.428     -23.89      -17.43      70.5608     309.642     17.43       23.89       309.642     70.5608     -26.25      -20.66      -15.07      31.596      190.428     348.9718    15.07       20.66       26.25       348.9718    190.428     31.596      0.55506     eq25        43.04927    -20.65997   3.22955     -43.04927   20.65997    3.22955
04X04       10.0        0.5         0.01        276.25      -21.68      141.2228    21.68       141.2228    -25.02      -18.34      55.16444    226.8928    18.34       25.02       226.8928    55.16444    -27.47      -21.68      -15.89      27.10396    141.2228    255.1278    15.89       21.68       27.47       255.1278    141.2228    27.10396    0.66778     eq25        29.88631    -21.67867   3.34355     -29.88631   21.67867    3.34355
04X04       15.0        0.5         0.01        209.64      -22.85      108.237     22.85       108.237     -26.36      -19.35      43.38752    172.621     19.35       26.36       172.621     43.38752    -28.93      -22.85      -16.78      22.51558    108.237     193.584     16.78       22.85       28.93       193.584     108.237     22.51558    0.69182     eq25        21.41431    -22.85485   3.50703     -21.41431   22.85485    3.50703
04X04       20.0        0.5         0.01        149.87      -24.0       77.709      24.0        77.709      -27.62      -20.38      31.8522     123.1348    20.38       27.62       123.1348    31.8522     -30.27      -24.0       -17.73      17.01068    77.709      137.9834    17.73       24.0        30.27       137.9834    77.709      17.01068    0.59776     eq25        14.69316    -23.99825   3.61934     -14.69316   23.99825    3.61934
04X04       25.0        0.5         0.01        108.45      -25.12      56.41124    25.12       56.41124    -28.85      -21.39      23.5257     89.04058    21.39       28.85       89.04058    23.5257     -31.58      -25.12      -18.66      13.03104    56.41124    99.63772    18.66       25.12       31.58       99.63772    56.41124    13.03104    0.46967     eq25        10.2147     -25.11895   3.73105     -10.2147    25.11895    3.73105
04X04       28.5        0.5         0.01        87.956      -25.87      45.9422     25.87       45.9422     -29.67      -22.07      19.19692    71.8591     22.07       29.67       71.8591     19.19692    -32.45      -25.87      -19.29      10.7594     45.9422     80.62868    19.29       25.87       32.45       80.62868    45.9422     10.7594     0.42697     eq25        8.10299     -25.86996   3.79634     -8.10299    25.86996    3.79634
07X07       2.0         0.5         0.01        437.22      -31.95      212.83      31.95       212.83      -35.05      -28.85      76.6821     347.21      28.85       35.05       347.21      76.6821     -37.31      -31.95      -26.58      33.11278    212.83      390.8592    26.58       31.95       37.31       390.8592    212.83      33.11278    0.61309     eq25        50.66739    -31.9469    3.09888     -50.66742   31.9469     3.09888
07X07       5.5         0.5         0.01        391.75      -33.12      193.128     33.12       193.128     -36.43      -29.81      74.47642    309.5006    29.81       36.43       309.5006    74.47642    -38.85      -33.12      -27.39      36.7266     193.128     347.6814    27.39       33.12       38.85       347.6814    193.128     36.7266     0.87444     lt25        41.24132    -33.12027   3.30942     -41.24133   33.12027    3.30942
07X07       10.0        0.5         0.01        292.06      -34.75      146.25      34.75       146.25      -38.19      -31.32      60.67734    229.908     31.32       38.19       229.908     60.67734    -40.71      -34.75      -28.8       33.43834    146.25      257.434     28.8        34.75       40.71       257.434     146.25      33.43834    1.1368      lt25        28.66567    -34.75419   3.43731     -28.66566   34.75419    3.43731
07X07       15.0        0.5         0.01        225.17      -36.61      113.9922    36.61       113.9922    -40.24      -32.99      49.52792    177.615     32.99       40.24       177.615     49.52792    -42.9       -36.61      -30.33      28.8562     113.9922    197.9312    30.33       36.61       42.9        197.9312    113.9922    28.8562     1.1368      eq25        20.50129    -36.61389   3.62888     -20.50129   36.61389    3.62888
07X07       20.0        0.5         0.01        162.65      -38.42      83.31636    38.42       83.31636    -42.16      -34.68      37.2158     128.2768    34.68       42.16       128.2768    37.2158     -44.9       -38.42      -31.94      22.9974     83.31636    142.74      31.94       38.42       44.9        142.74      83.31636    22.9974     1.0056      eq25        14.13659    -38.4196    3.74215     -14.13659   38.4196     3.74215
07X07       25.0        0.5         0.01        118.05      -40.26      60.66856    40.26       60.66856    -44.12      -36.4       27.78948    92.7778     36.4        44.12       92.7778     27.78948    -46.95      -40.26      -33.58      17.5764     60.66856    103.4104    33.58       40.26       46.95       103.4104    60.66856    17.5764     0.87444     lt25        9.8034      -40.2609    3.85952     -9.8034     40.2609     3.85952
07X07       28.5        0.5         0.01        96.188      -41.45      49.7995     41.45       49.7995     -45.41      -37.5       23.12866    76.076      37.5        45.41       76.076      23.12866    -48.3       -41.45      -34.61      14.778      49.7995     84.19072    34.61       41.45       48.3        84.19072    49.7995     14.778      0.83072     lt25        7.74372     -41.45499   3.95484     -7.74372    41.45499    3.95484
10X10       2.0         0.5         0.01        447.29      -47.77      207.2666    47.77       207.2666    -50.9       -44.64      77.56       334.2692    44.64       50.9        334.2692    77.56       -53.19      -47.77      -42.34      36.0425     207.2666    376.5484    42.34       47.77       53.19       376.5484    207.2666    36.0425     0.91516     eq25        47.69915    -47.76912   3.13258     -47.69917   47.76912    3.13258
10X10       5.5         0.5         0.01        403.46      -49.57      189.1964    49.57       189.1964    -52.93      -46.21      76.51308    299.9764    46.21       52.93       299.9764    76.51308    -55.39      -49.57      -43.75      41.04316    189.1964    335.465     43.75       49.57       55.39       335.465     189.1964    41.04316    1.1182      lt25        38.57024    -49.57054   3.3588      -38.57023   49.57054    3.3588
10X10       10.0        0.5         0.01        307.74      -52.02      146.6232    52.02       146.6232    -55.53      -48.51      64.40076    227.5       48.51       55.53       227.5       64.40076    -58.1       -52.02      -45.94      38.8252     146.6232    253.0416    45.94       52.02       58.1        253.0416    146.6232    38.8252     1.56371     eq25        26.90321    -52.01974   3.51059     -26.90322   52.01975    3.51058
10X10       15.0        0.5         0.01        240.19      -54.86      115.9152    54.86       115.9152    -58.58      -51.14      53.71028    176.5164    51.14       58.58       176.5164    53.71028    -61.3       -54.86      -48.42      34.7096     115.9152    196.1964    48.42       54.86       61.3        196.1964    115.9152    34.7096     1.1182      lt25        19.15028    -54.8625    3.71933     -19.15027   54.8625     3.71934
10X10       20.0        0.5         0.01        174.89      -57.57      85.38774    57.57       85.38774    -61.4       -53.74      41.5082     128.4416    53.74       61.4        128.4416    41.5082     -64.21      -57.57      -50.93      28.06336    85.38774    142.0406    50.93       57.57       64.21       142.0406    85.38774    28.06336    1.4313      eq25        13.1693     -57.57043   3.83404     -13.16928   57.57042    3.83405
10X10       25.0        0.5         0.01        129.27      -60.28      63.69412    60.28       63.69412    -64.28      -56.29      31.59652    94.61086    56.29       64.28       94.61086    31.59652    -67.2       -60.28      -53.37      22.007      63.69412    104.9014    53.37       60.28       67.2        104.9014    63.69412    22.007      1.2077      eq25        9.17887     -60.28369   3.99297     -9.17887    60.28369    3.99297
10X10       28.5        0.5         0.01        105.11      -62.11      51.54584    62.11       51.54584    -66.15      -58.06      26.1662     76.66556    58.06       66.15       76.66556    26.1662     -69.12      -62.11      -55.09      18.23172    51.54584    84.82408    55.09       62.11       69.12       84.82408    51.54584    18.23172    1.0288      eq25        7.27484     -62.10539   4.04849     -7.27482    62.10539    4.04851
15X15       2.0         0.5         0.01        456.09      -71.86      193.0004    71.86       193.0004    -75.01      -68.72      75.02696    307.9136    68.72       75.01       307.9136    75.02696    -77.31      -71.86      -66.42      38.0469     193.0004    345.5296    66.42       71.86       77.31       345.5296    193.0004    38.0469     1.2442      eq25        42.96926    -71.86406   3.14263     -42.96925   71.86406    3.14263
15X15       5.5         0.5         0.01        416.41      -74.54      178.3136    74.54       178.3136    -77.91      -71.16      76.39536    278.816     71.16       77.91       278.816     76.39536    -80.38      -74.54      -68.69      44.09508    178.3136    310.862     68.69       74.54       80.38       310.862     178.3136    44.09508    1.3227      lt25        34.80478    -74.53776   3.37556     -34.80484   74.53776    3.37555
15X15       10.0        0.5         0.01        322.46      -78.21      140.3198    78.21       140.3198    -81.76      -74.67      65.53104    212.9444    74.67       81.76       212.9444    65.53104    -84.35      -78.21      -72.07      42.3251     140.3198    236.3264    72.07       78.21       84.35       236.3264    140.3198    42.3251     2.0068      eq25        24.1567     -78.21225   3.54577     -24.15672   78.21226    3.54577
15X15       15.0        0.5         0.01        256.78      -82.47      113.6302    82.47       113.6302    -86.27      -78.67      56.58282    169.3266    78.67       86.27       169.3266    56.58282    -89.05      -82.47      -75.88      39.0871     113.6302    186.9792    75.88       82.47       89.05       186.9792    113.6302    39.0871     2.10074     eq25        17.17991    -82.46724   3.80125     -17.17989   82.46724    3.80126
15X15       20.0        0.5         0.01        189.73      -86.55      85.1521     86.55       85.1521     -90.5       -82.61      44.241      124.6192    82.61       90.5        124.6192    44.241      -93.39      -86.55      -79.72      32.22718    85.1521     137.1372    79.72       86.55       93.39       137.1372    85.1521     32.22718    1.87        eq25        11.77836    -86.55471   3.94691     -11.77837   86.55471    3.9469
15X15       25.0        0.5         0.01        140.93      -90.63      63.6977     90.63       63.6977     -94.71      -86.54      34.42546    92.36712    86.54       94.71       92.36712    34.42546    -97.71      -90.63      -83.55      25.61396    63.6977     101.159     83.55       90.63       97.71       101.159     63.6977     25.61396    1.58444     eq25        8.21487     -90.62833   4.08613     -8.21488    90.62833    4.08612
15X15       28.5        0.5         0.01        114.93      -93.37      52.36818    93.37       52.36818    -97.5       -89.24      28.734      75.29148    89.24       97.5        75.29148    28.734      -100.52     -93.37      -86.21      21.41776    52.36818    82.36048    86.21       93.37       100.52      82.36048    52.36818    21.41776    1.3683      eq25        6.53706     -93.36713   4.12944     -6.53702    93.36712    4.12949
20X20       2.0         0.5         0.01        460.1       -96.12      177.5632    96.12       177.5632    -99.24      -93.01      72.91684    281.3132    93.01       99.24       281.3132    72.91684    -101.51     -96.12      -90.73      39.0436     177.5632    314.3972    90.73       96.12       101.51      314.3972    177.5632    39.0436     1.0122      lt25        38.80957    -96.1216    3.11344     -38.80957   96.1216     3.11344
20X20       5.5         0.5         0.01        436.17      -99.76      170.148     99.76       170.148     -103.14     -96.37      75.97164    263.1524    96.37       103.14      263.1524    75.97164    -105.62     -99.76      -93.9       46.2676     170.148     292.804     93.9        99.76       105.62      292.804     170.148     46.2676     2.0244      eq25        32.07771    -99.75777   3.3835      -32.07773   99.75778    3.3835
20X20       10.0        0.5         0.01        340.01      -104.66     135.27      104.66      135.27      -108.22     -101.11     66.43856    202.4032    101.11      108.22      202.4032    66.43856    -110.83     -104.66     -98.5       44.952      135.27      224.07      98.5        104.66      110.83      224.07      135.27      44.952      2.28578     eq25        22.22683    -104.6646   3.55714     -22.22682   104.6646    3.55715
20X20       15.0        0.5         0.01        265.48      -110.36     107.0896    110.36      107.0896    -114.18     -106.53     56.31664    157.074     106.53      114.18      157.074     56.31664    -116.98     -110.36     -103.73     40.5626     107.0896    172.8252    103.73      110.36      116.98      172.8252    107.0896    40.5626     2.3465      eq25        15.29224    -110.35685  -3.82341    -15.29225   110.35685   -3.82341
20X20       20.0        0.5         0.01        198.3       -115.83     81.01414    115.83      81.01414    -119.82     -111.84     44.40856    116.3732    111.84      119.82      116.3732    44.40856    -122.75     -115.83     -108.92     33.587      81.01414    127.6708    108.92      115.83      122.75      127.6708    81.01414    33.587      2.08607     eq25        10.44665    -115.83276  -3.99159    -10.44677   115.83278   -3.9915
20X20       25.0        0.5         0.01        148.15      -121.29     60.89902    121.29      60.89902    -125.41     -117.17     34.92118    86.33306    117.17      125.41      86.33306    34.92118    -128.42     -121.29     -114.15     26.8332     60.89902    94.5047     114.15      121.29      128.42      94.5047     60.89902    26.8332     1.7484      eq25        7.28344     -121.28728  -4.11846    -7.28343    121.28727   -4.11848
20X20       28.5        0.5         0.01        121.47      -124.92     50.1326     124.92      50.1326     -129.15     -120.69     28.894      70.7906     120.69      129.15      70.7906     28.894      -132.24     -124.92     -117.6      22.5634     50.1326     77.205      117.6       124.92      132.24      77.205      50.1326     22.5634     1.5643      lt25        5.74373     -124.91976  4.22564     -5.7438     124.91977   4.22554
24X24       2.0         0.5         0.01        465.0       -116.26     166.0308    116.26      166.0308    -119.36     -113.16     70.44212    260.7372    113.16      119.36      260.7372    70.44212    -121.63     -116.26     -110.89     39.23868    166.0308    291.6718    110.89      116.26      121.63      291.6718    166.0308    39.23868    1.63042     eq25        35.71378    -116.26062  -3.10122    -35.71376   116.26061   -3.10122
24X24       5.5         0.5         0.01        440.35      -120.65     159.216     120.65      159.216     -124.04     -117.27     72.8376     243.7902    117.27      124.04      243.7902    72.8376     -126.51     -120.65     -114.8      45.9885     159.216     271.004     114.8       120.65      126.51      271.004     159.216     45.9885     1.6275      lt25        29.28562    -120.65392  -3.38164    -29.28561   120.65392   -3.38164
24X24       10.0        0.5         0.01        345.03      -126.59     126.4986    126.59      126.4986    -130.15     -123.03     64.2165     188.427     123.03      130.15      188.427     64.2165     -132.75     -126.59     -120.43     44.64       126.4986    208.119     120.43      126.59      132.75      208.119     126.4986    44.64       2.40963     eq25        20.26081    -126.58951  -3.55718    -20.26081   126.58951   -3.55718
24X24       15.0        0.5         0.01        271.1       -133.47     101.3282    133.47      101.3282    -137.33     -129.6      54.8979     147.032     129.6       137.33      147.032     54.8979     -140.17     -133.47     -126.77     40.4457     101.3282    161.2856    126.77      133.47      140.17      161.2856    101.3282    40.4457     2.418       lt25        13.82984    -133.46748  3.8672      -13.8298    133.46748   3.86723
24X24       20.0        0.5         0.01        202.74      -140.1      76.632      140.1       76.632      -144.11     -136.08     43.5612     108.8336    136.08      144.11      108.8336    43.5612     -147.05     -140.1      -133.14     33.387      76.632      119.118     133.14      140.1       147.05      119.118     76.632      33.387      2.418       lt25        9.45867     -140.0958   4.01316     -9.45862    140.09579   4.0132
24X24       25.0        /
24X24       28.5        0.5         0.01        124.62      -151.11     47.7462     151.11      47.7462     -155.41     -146.8      28.2348     66.588      146.8       155.41      66.588      28.2348     -158.56     -151.11     -143.65     22.2642     47.7462     72.4005     143.65      151.11      158.56      72.4005     47.7462     22.2642     1.488       lt25        5.14345     -151.10552  4.30223     -5.14342    151.10551   4.30228
