FS          d_cm        ini_bin     bin         D(0)        p1d1sx      D(p1d1sx)   p1d1dx      D(p1d1dx)   p1d2sx      p2d2sx      D(p1d2sx)   D(p2d2sx)   p1d2dx      p2d2dx      D(p1d2dx)   D(p2d2dx)   p1d3sx      p2d3sx      p3d3sx      D(p1d3sx)   D(p2d3sx)   D(p3d3sx)   p1d3dx      p2d3dx      p3d3dx      D(p1d3dx)   D(p2d3dx)   D(p3d3dx)   D(IP-25)    off25       params
4X4         2.0         0.5         0.1         452.01      -20.0       227.53      20.1        221.716     -23.0       -17.0       79.98       372.64      17.0        23.2        367.62      76.3902     -25.2       -20.0       -14.8       34.4306     227.53      421.78      14.7        20.1        25.5        414.346     221.716     26.693      0.37843     eq25        56.39513    -19.98306   3.00775     -54.73502   20.0969     3.09102
4X4         5.5         0.5         0.1         360.62      -20.8       183.266     20.9        178.726     -23.9       -17.6       69.5416     297.858     17.7        24.1        291.254     66.109      -26.2       -20.8       -15.4       33.6962     183.266     334.04      15.3        20.9        26.5        328.996     178.726     27.687      0.55241     eq25        42.17822    -20.77402   3.12437     -40.95098   20.88205    3.22146
4X4         10.0        0.5         0.1         266.51      -21.8       137.022     21.9        134.266     -25.0       -18.5       55.094      220.07      18.6        25.2        215.57      52.5962     -27.4       -21.8       -16.1       28.8598     137.022     246.608     16.1        21.9        27.7        242.524     134.266     24.5552     0.65135     eq25        29.38985    -21.77489   3.2538      -28.6787    21.90072    3.33428
7X7         2.0         0.5         0.1         464.54      -31.9       228.234     32.0        223.16      -34.9       -28.8       84.4062     370.992     28.9        35.2        363.964     77.9998     -37.2       -31.9       -26.6       37.578      228.234     418.346     26.6        32.0        37.5        410.454     223.16      30.976      0.64244     eq25        54.60542    -31.87668   3.05765     -52.84205   32.0133     3.15165
7X7         5.5         0.5         0.1         377.13      -33.2       187.156     33.3        182.854     -36.4       -30.0       73.7018     298.39      30.0        36.6        295.25      70.1436     -38.7       -33.2       -27.6       39.2288     187.156     335.348     27.6        33.3        39.0        330.924     182.854     33.701      0.89116     eq25        40.63638    -33.19108   3.19959     -39.70676   33.28085    3.28508
7X7         10.0        0.5         0.1         283.83      -34.8       143.184     34.9        140.444     -38.2       -31.5       59.7752     223.45      31.5        38.3        220.89      58.815      -40.6       -34.8       -29.0       35.1324     143.184     250.49      29.0        34.9        40.9        246.76      140.444     31.2534     1.0882      lt25        28.30666    -34.80538   3.34692     -27.63547   34.91007    3.43959
20X20       2.0         0.5         0.1         483.98      -95.9       189.958     96.0        185.47      -99.0       -92.9       78.036      296.216     92.9        99.1        295.118     75.883      -101.3      -95.9       -90.6       42.9882     189.958     333.68      90.6        96.0        101.4       330.176     185.47      38.4002     1.53076     eq25        41.31101    -95.93718   3.08098     -41.05137   96.01542    3.11604
20X20       5.5         0.5         0.1         409.83      -99.8       160.282     99.8        159.902     -103.0      -96.5       73.337      247.29      96.6        103.1       244.808     71.3694     -105.4      -99.8       -94.1       46.029      160.282     275.752     94.1        99.8        105.5       273.344     159.902     42.898      1.91818     eq25        31.04127    -99.75946   3.25433     -30.89647   99.83616    3.28293
20X20       10.0        0.5         0.1         320.99      -104.6      128.692     104.7       126.95      -108.0      -101.2      64.626      191.47      101.3       108.2       189.506     61.5906     -110.6      -104.6      -98.7       44.086      128.692     211.622     98.7        104.7       110.7       210.54      126.95      41.6638     1.7182      lt25        21.58933    -104.6298   3.41824     -21.52707   104.70594   3.45233
24X24       2.0         0.5         0.1         488.89      -116.1      176.144     116.2       171.482     -119.2      -113.0      74.0004     276.4       113.0       119.3       274.75      71.8306     -121.4      -116.1      -110.8      43.1818     176.144     308.75      110.8       116.2       121.6       305.516     171.482     38.419      0.99403     lt25        37.95299    -116.08706  3.07413     -37.57006   116.15231   3.11793
24X24       5.5         0.5         0.1         414.63      -120.7      150.874     120.8       148.268     -123.9      -117.5      71.274      229.69      117.5       124.1       228.6       68.3466     -126.3      -120.7      -115.1      46.0486     150.874     255.678     115.0       120.8       126.5       255.07      148.268     42.594      2.04908     eq25        28.66829    -120.69941  3.2164      -28.18272   120.76537   3.30479
24X24       10.0        0.5         0.1         325.81      -126.6      121.284     126.7       119.766     -130.1      -123.2      61.1906     178.396     123.2       130.2       177.514     60.2928     -132.6      -126.6      -120.7      43.7108     121.284     197.15      120.7       126.7       132.7       195.764     119.766     41.9268     2.25664     eq25        19.77852    -126.63742  3.41355     -19.52852   126.71609   3.48068
15X15       2.0         0.5         0.1         487.0       -71.8       208.222     71.9        204.03      -74.9       -68.7       82.233      331.034     68.8        75.0        327.208     79.738      -77.1       -71.8       -66.4       43.743      208.222     372.662     66.5        71.9        77.3        367.23      204.03      37.7318     1.3245      eq25        46.6536     -71.79497   3.09156     -46.29962   71.8998     3.12361
15X15       5.5         0.5         0.1         406.35      -74.6       177.614     74.7        174.306     -77.9       -71.4       76.9712     272.286     71.5        78.0        269.77      74.243      -80.3       -74.6       -69.0       46.589      177.614     304.41      69.1        74.7        80.4        300.536     174.306     42.461      1.0443      lt25        34.72654    -74.64314   3.27154     -34.73342   74.73852    3.28122
15X15       10.0        0.5         0.1         316.3       -78.3       138.816     78.4        135.986     -81.8       -74.9       65.3966     209.398     74.9        81.8        208.434     64.3798     -84.3       -78.3       -72.3       43.8876     138.816     232.832     72.4        78.4        84.3        230.746     135.986     41.5436     1.3056      lt25        24.17394    -78.30582   3.4513      -24.22031   78.36297    3.45265
10X10       2.0         0.5         0.1         478.92      -47.7       225.154     47.8        219.942     -50.8       -44.6       85.7044     360.206     44.7        51.0        354.49      79.415      -53.1       -47.7       -42.3       41.1472     225.154     405.542     42.4        47.8        53.3        399.398     219.942     34.7474     0.9588      eq25        51.43115    -47.725     3.10342     -50.79762   47.81521    3.14755
10X10       5.5         0.5         0.1         396.35      -49.6       189.284     49.8        181.898     -52.9       -46.4       77.2656     294.066     46.5        53.0        290.43      75.507      -55.3       -49.6       -44.0       43.6948     189.284     329.67      44.1        49.8        55.5        324.972     181.898     38.871      1.29962     eq25        38.62248    -49.64936   3.25685     -38.27877   49.75655    3.29088
10X10       10.0        0.5         0.1         302.9       -52.1       144.978     52.2        142.408     -55.5       -48.7       65.385      223.056     48.7        55.6        221.114     63.1514     -58.0       -52.1       -46.2       40.517      144.978     248.43      46.2        52.2        58.2        245.974     142.408     37.0492     1.52702     eq25        26.8073     -52.09395   3.42949     -26.69816   52.1902     3.44314
