FS          d_cm        ini_bin     bin         D(0)        p1d1sx      D(p1d1sx)   p1d1dx      D(p1d1dx)   p1d2sx      p2d2sx      D(p1d2sx)   D(p2d2sx)   p1d2dx      p2d2dx      D(p1d2dx)   D(p2d2dx)   p1d3sx      p2d3sx      p3d3sx      D(p1d3sx)   D(p2d3sx)   D(p3d3sx)   p1d3dx      p2d3dx      p3d3dx      D(p1d3dx)   D(p2d3dx)   D(p3d3dx)   D(IP-25)    off25       params
24X24       2.0         0.5         0.1         487.59      -116.6      171.964     116.1       185.28      -119.9      -113.3      67.7974     269.446     112.7       119.6       291.648     82.2902     -122.2      -116.6      -110.9      38.3302     171.964     302.926     110.1       116.1       122.1       324.358     185.28      47.67       1.67292     eq25        35.67791    -116.59347  3.26427     -35.24404   116.12344   3.45609
24X24       5.5         0.5         0.1         410.92      -121.4      147.866     120.8       156.076     -125.0      -117.8      65.475      225.434     117.2       124.3       243.016     77.9034     -127.7      -121.4      -115.1      41.209      147.866     252.442     114.6       120.8       127.0       266.962     156.076     49.125      2.03064     eq25        25.64829    -121.39402  3.63104     -26.9208    120.76718   3.57898
24X24       10.0        0.5         0.1         323.88      -127.5      118.63      126.9       124.362     -131.2      -123.8      57.672      174.158     123.0       130.7       188.41      65.1936     -134.0      -127.5      -121.0      40.384      118.63      194.16      120.2       126.9       133.5       206.404     124.362     44.874      2.359       lt25        18.17176    -127.50823  3.74141     -18.64256   126.8611    3.83078
7X7         2.0         0.5         0.1         462.02      -32.7       219.974     32.5        229.8       -36.2       -29.1       72.772      357.718     28.9        36.1        376.91      90.3738     -38.8       -32.7       -26.5       29.4992     219.974     406.76      26.3        32.5        38.7        419.702     229.8       42.6872     0.6601      eq25        46.63844    -32.65643   3.55633     -46.2367    32.5009     3.596
7X7         5.5         0.5         0.1         378.55      -34.0       183.8       33.7        192.698     -37.7       -30.3       66.6752     291.796     30.0        37.4        305.55      79.367      -40.4       -34.0       -27.6       32.7636     183.8       330.002     27.3        33.7        40.1        339.838     192.698     42.1646     0.93443     eq25        35.43411    -34.0067    3.69778     -35.47465   33.72482    3.70536
7X7         10.0        0.5         0.1         284.85      -35.6       140.802     35.4        145.812     -39.5       -31.8       55.038      219.58      31.6        39.3        228.648     64.302      -42.3       -35.6       -28.9       30.5424     140.802     248.018     28.7        35.4        42.1        254.53      145.812     37.0146     1.1567      lt25        24.80765    -35.61384   3.86048     -24.82349   35.44566    3.86613
10X10       2.0         0.5         0.1         476.85      -48.7       216.304     48.5        225.41      -52.3       -45.0       74.8608     350.07      44.8        52.2        368.016     90.763      -54.9       -48.7       -42.4       34.1318     216.304     396.018     42.1        48.5        54.8        410.408     225.41      45.8168     0.97699     eq25        43.9749     -48.65428   3.62218     -43.70788   48.48981    3.66586
10X10       5.5         0.5         0.1         397.01      -50.6       185.542     50.5        188.36      -54.5       -46.8       70.406      289.508     46.6        54.3        301.896     82.8198     -57.2       -50.6       -44.0       38.323      185.542     326.67      43.8        50.5        57.1        334.664     188.36      45.8982     1.3361      eq25        33.27815    -50.64633   3.81181     -33.1418    50.47245    3.852
10X10       10.0        0.5         0.1         303.47      -53.2       143.128     53.0        147.58      -57.2       -49.2       60.6308     220.744     49.0        57.0        229.19      67.826      -60.2       -53.2       -46.2       36.0512     143.128     247.408     46.1        53.0        60.0        252.308     147.58      40.98       1.1125      lt25        23.11816    -53.20676   4.04277     -23.32891   53.04641    3.99911
15X15       2.0         0.5         0.1         485.77      -73.0       204.51      72.9        207.492     -76.7       -69.4       73.4206     321.778     69.2        76.6        336.212     86.8856     -79.3       -73.0       -66.7       37.0046     204.51      363.932     66.4        72.9        79.3        375.692     207.492     45.3638     1.3434      eq25        39.52444    -73.03046   3.6475      -39.23929   72.85278    3.69973
15X15       5.5         0.5         0.1         407.32      -76.0       174.2       75.9        176.134     -79.9       -72.2       71.0614     268.41      72.0        79.8        278.24      79.4028     -82.7       -76.0       -69.3       41.095      174.2       302.0       69.1        75.9        82.7        308.31      176.134     45.9902     1.7255      eq25        29.74171    -76.02786   3.87129     -29.57237   75.89196    3.91152
15X15       10.0        0.5         0.1         319.06      -79.8       137.81      79.6        141.218     -83.9       -75.7       60.6826     208.286     75.6        83.7        215.112     68.3738     -86.9       -79.8       -72.7       39.3468     137.81      233.08      72.6        79.6        86.6        237.566     141.218     44.7116     1.3633      lt25        20.87567    -79.80721   4.0932      -21.11698   79.63422    4.04282
20X20       2.0         0.5         0.1         483.11      -97.4       185.172     97.1        190.69      -101.1      -93.7       71.061      292.306     93.5        100.7       304.54      84.078      -103.8      -97.4       -91.0       36.9868     185.172     328.87      90.9        97.1        103.3       337.99      190.69      47.334      1.56598     eq25        34.87171    -97.40598   3.67553     -35.712     97.09654    3.5855
20X20       5.5         0.5         0.1         408.15      -101.3      157.414     101.0       163.58      -105.1      -97.5       66.2156     241.09      97.2        104.9       254.176     76.9622     -107.9      -101.3      -94.7       40.5114     157.414     271.106     94.3        101.0       107.7       280.898     163.58      47.4168     1.4379      lt25        26.66142    -101.27631  3.82078     -26.72799   101.01551   3.85023
20X20       10.0        0.5         0.1         320.23      -106.4      125.458     106.0       131.25      -110.4      -102.4      59.1164     187.76      102.0       110.0       197.5       66.631      -113.3      -106.4      -99.4       40.3474     125.458     209.66      99.1        106.0       113.0       216.734     131.25      44.524      2.16846     eq25        18.69623    -106.35724  4.00204     -19.0201    106.04085   3.99763
4X4         2.0         0.5         0.1         450.79      -20.4       219.136     20.2        229.664     -23.7       -17.0       68.8822     361.83      16.9        23.5        380.338     89.077      -26.1       -20.4       -14.6       24.9152     219.136     410.492     14.4        20.2        25.9        426.186     229.664     40.7024     0.3064      lt25        50.95952    -20.36315   3.32122     -51.18271   20.17336    3.30654
4X4         5.5         0.5         0.1         362.04      -21.2       179.562     21.0        187.57      -24.6       -17.7       61.5058     288.236     17.6        24.4        305.726     76.3692     -27.2       -21.2       -15.2       26.2994     179.562     328.478     15.2        21.0        26.8        339.63      187.57      39.1724     0.53494     eq25        38.43476    -21.18547   3.45545     -39.3439    20.99111    3.37119
4X4         10.0        0.5         0.1         267.5       -22.2       135.046     22.0        140.49      -25.7       -18.7       49.4856     213.878     18.5        25.5        225.87      59.855      -28.3       -22.2       -16.1       23.7304     135.046     242.384     16.0        22.0        28.1        250.1       140.49      31.827      0.64127     eq25        27.20739    -22.20031   3.54013     -27.56012   22.02133    3.48288
