FS          d_cm        D(0)        p1d1sx      D(p1d1sx)   p1d1dx      D(p1d1dx)   p1d2sx      p2d2sx      D(p1d2sx)   D(p2d2sx)   p1d2dx      p2d2dx      D(p1d2dx)   D(p2d2dx)   p1d3sx      p2d3sx      p3d3sx      D(p1d3sx)   D(p2d3sx)   D(p3d3sx)   p1d3dx      p2d3dx      p3d3dx      D(p1d3dx)   D(p2d3dx)   D(p3d3dx)   D(IP-25)    off25
04X04       2.0         426.97      -19.9       214.928     19.9        214.928     -23.0       -16.9       73.471      350.392     16.9        23.0        350.392     73.471      -25.2       -19.9       -14.7       29.7        214.928     395.414     14.7        19.9        25.2        395.414     214.928     29.7        0.367       eq25
04X04       5.5         376.59      -20.7       188.72      20.7        188.72      -23.9       -17.4       70.279      310.41      17.4        23.9        310.41      70.279      -26.3       -20.7       -15.1       31.169      188.72      348.664     15.1        20.7        26.3        348.664     188.72      31.169      0.555       eq25
04X04       10.0        276.25      -21.7       140.642     21.7        140.642     -25.0       -18.3       55.506      227.576     18.3        25.0        227.576     55.506      -27.5       -21.7       -15.9       26.899      140.642     255.068     15.9        21.7        27.5        255.068     140.642     26.899      0.666       eq25
04X04       15.0        209.64      -22.9       107.168     22.9        107.168     -26.4       -19.3       42.851      173.208     19.3        26.4        173.208     42.851      -28.9       -22.9       -16.8       22.641      107.168     193.5       16.8        22.9        28.9        193.5       107.168     22.641      0.692       eq25
04X04       20.0        149.87      -24.0       77.709      24.0        77.709      -27.6       -20.4       32.023      122.964     20.4        27.6        122.964     32.023      -30.3       -24.0       -17.7       16.908      77.709      138.086     17.7        24.0        30.3        138.086     77.709      16.908      0.598       eq25
04X04       25.0        108.45      -25.1       56.616      25.1        56.616      -28.9       -21.4       23.227      88.981      21.4        28.9        88.981      23.227      -31.6       -25.1       -18.7       12.98       56.616      99.569      18.7        25.1        31.6        99.569      56.616      12.98       0.47        eq25
04X04       28.5        87.956      -25.9       45.686      25.9        45.686      -29.7       -22.1       19.043      71.731      22.1        29.7        71.731      19.043      -32.4       -25.9       -19.3       10.845      45.686      80.612      19.3        25.9        32.4        80.612      45.686      10.845      0.427       eq25
07X07       2.0         437.22      -31.9       215.35      31.9        215.35      -35.0       -28.8       78.093      348.62      28.8        35.0        348.62      78.093      -37.3       -31.9       -26.6       33.21       215.35      390.634     26.6        31.9        37.3        390.634     215.35      33.21       0.614       eq25
07X07       5.5         391.75      -33.1       193.95      33.1        193.95      -36.4       -29.8       75.29       309.728     29.8        36.4        309.728     75.29       -38.9       -33.1       -27.4       36.289      193.95      347.594     27.4        33.1        38.9        347.594     193.95      36.289      0.918       eq25
07X07       10.0        292.06      -34.8       144.808     34.8        144.808     -38.2       -31.3       60.511      230.24      31.3        38.2        230.24      60.511      -40.7       -34.8       -28.8       33.491      144.808     257.434     28.8        34.8        40.7        257.434     144.808     33.491      1.137       lt25
07X07       15.0        225.17      -36.6       114.202     36.6        114.202     -40.2       -33.0       50.018      177.51      33.0        40.2        177.51      50.018      -42.9       -36.6       -30.3       28.856      114.202     198.062     30.3        36.6        42.9        198.062     114.202     28.856      1.137       eq25
07X07       20.0        162.65      -38.4       83.596      38.4        83.596      -42.2       -34.7       36.901      128.102     34.7        42.2        128.102     36.901      -44.9       -38.4       -31.9       22.997      83.596      142.88      31.9        38.4        44.9        142.88      83.596      22.997      1.006       lt25
07X07       25.0        118.05      -40.3       60.249      40.3        60.249      -44.1       -36.4       27.894      92.778      36.4        44.1        92.778      27.894      -46.9       -40.3       -33.6       17.664      60.249      103.358     33.6        40.3        46.9        103.358     60.249      17.664      0.874       lt25
07X07       28.5        96.188      -41.5       49.406      41.5        49.406      -45.4       -37.5       23.172      76.076      37.5        45.4        76.076      23.172      -48.3       -41.5       -34.6       14.778      49.406      84.208      34.6        41.5        48.3        84.208      49.406      14.778      0.831       lt25
10X10       2.0         447.29      -47.8       205.844     47.8        205.844     -50.9       -44.6       77.56       335.378     44.6        50.9        335.378     77.56       -53.2       -47.8       -42.3       35.962      205.844     376.978     42.3        47.8        53.2        376.978     205.844     35.962      0.912       eq25
10X10       5.5         403.46      -49.6       188.042     49.6        188.042     -52.9       -46.2       77.291      300.218     46.2        52.9        300.218     77.291      -55.4       -49.6       -43.8       40.972      188.042     335.018     43.8        49.6        55.4        335.018     188.042     40.972      1.333       eq25
10X10       10.0        307.74      -52.0       147.16      52.0        147.16      -55.5       -48.5       64.857      227.67      48.5        55.5        227.67      64.857      -58.1       -52.0       -45.9       38.825      147.16      253.256     45.9        52.0        58.1        253.256     147.16      38.825      1.565       eq25
10X10       15.0        240.19      -54.9       115.128     54.9        115.128     -58.6       -51.1       53.496      176.946     51.1        58.6        176.946     53.496      -61.3       -54.9       -48.4       34.71       115.128     196.268     48.4        54.9        61.3        196.268     115.128     34.71       1.619       eq25
10X10       20.0        174.89      -57.6       84.985      57.6        84.985      -61.4       -53.7       41.508      128.728     53.7        61.4        128.728     41.508      -64.2       -57.6       -50.9       28.09       84.985      142.148     50.9        57.6        64.2        142.148     84.985      28.09       1.431       eq25
10X10       25.0        129.27      -60.3       63.515      60.3        63.515      -64.3       -56.3       31.489      94.557      56.3        64.3        94.557      31.489      -67.2       -60.3       -53.4       22.007      63.515      104.848     53.4        60.3        67.2        104.848     63.515      22.007      1.208       eq25
10X10       28.5        105.11      -62.1       51.617      62.1        51.617      -66.2       -58.1       25.943      76.487      58.1        66.2        76.487      25.943      -69.1       -62.1       -55.1       18.25       51.617      84.806      55.1        62.1        69.1        84.806      51.617      18.25       0.895       lt25
15X15       2.0         456.09      -71.9       191.286     71.9        191.286     -75.0       -68.7       75.255      308.406     68.7        75.0        308.406     75.255      -77.3       -71.9       -66.4       38.129      191.286     345.712     66.4        71.9        77.3        345.712     191.286     38.129      1.241       eq25
15X15       5.5         416.41      -74.5       179.7       74.5        179.7       -77.9       -71.2       76.623      277.94      71.2        77.9        277.94      76.623      -80.4       -74.5       -68.7       43.967      179.7       310.78      68.7        74.5        80.4        310.78      179.7       43.967      1.733       eq25
15X15       10.0        322.46      -78.2       140.566     78.2        140.566     -81.8       -74.7       64.947      212.534     74.7        81.8        212.534     64.947      -84.4       -78.2       -72.1       42.051      140.566     236.162     72.1        78.2        84.4        236.162     140.566     42.051      1.688       lt25
15X15       15.0        256.78      -82.5       113.11      82.5        113.11      -86.3       -78.7       56.282      169.026     78.7        86.3        169.026     56.282      -89.1       -82.5       -75.9       38.95       113.11      186.906     75.9        82.5        89.1        186.906     113.11      38.95       2.098       eq25
15X15       20.0        189.73      -86.6       84.559      86.6        84.559      -90.5       -82.6       44.241      124.692     82.6        90.5        124.692     44.241      -93.4       -86.6       -79.7       32.2        84.559      137.192     79.7        86.6        93.4        137.192     84.559      32.2        1.87        eq25
15X15       25.0        140.93      -90.6       63.944      90.6        63.944      -94.7       -86.5       34.48       92.586      86.5        94.7        92.586      34.48       -97.7       -90.6       -83.6       25.632      63.944      101.068     83.6        90.6        97.7        101.068     63.944      25.632      1.587       eq25
15X15       28.5        114.93      -93.4       52.177      93.4        52.177      -97.5       -89.2       28.734      75.437      89.2        97.5        75.437      28.734      -100.5      -93.4       -86.2       21.436      52.177      82.37       86.2        93.4        100.5       82.37       52.177      21.436      1.368       eq25
20X20       2.0         460.1       -96.1       178.336     96.1        178.336     -99.2       -93.0       73.8        281.58      93.0        99.2        281.58      73.8        -101.5      -96.1       -90.7       39.108      178.336     314.618     90.7        96.1        101.5       314.618     178.336     39.108      1.472       eq25
20X20       5.5         436.17      -99.8       168.86      99.8        168.86      -103.1      -96.4       76.745      262.628     96.4        103.1       262.628     76.745      -105.6      -99.8       -93.9       46.378      168.86      292.804     93.9        99.8        105.6       292.804     168.86      46.378      2.024       eq25
20X20       10.0        340.01      -104.7      134.35      104.7       134.35      -108.2      -101.1      66.715      202.532     101.1       108.2       202.532     66.715      -110.8      -104.7      -98.5       45.09       134.35      224.07      98.5        104.7       110.8       224.07      134.35      45.09       2.282       eq25
20X20       15.0        265.48      -110.4      106.464     110.4       106.464     -114.2      -106.5      56.133      157.35      106.5       114.2       157.35      56.133      -117.0      -110.4      -103.7      40.489      106.464     172.908     103.7       110.4       117.0       172.908     106.464     40.489      2.347       eq25
20X20       20.0        198.3       -115.8      81.345      115.8       81.345      -119.8      -111.8      44.537      116.594     111.8       119.8       116.594     44.537      -122.7      -115.8      -108.9      33.679      81.345      127.726     108.9       115.8       122.7       127.726     81.345      33.679      2.089       eq25
20X20       25.0        148.15      -121.3      60.825      121.3       60.825      -125.4      -117.2      34.967      86.223      117.2       125.4       86.223      34.967      -128.4      -121.3      -114.2      26.87       60.825      94.413      114.2       121.3       128.4       94.413      60.825      26.87       1.748       eq25
20X20       28.5        121.47      -124.9      50.243      124.9       50.243      -129.1      -120.7      29.078      70.763      120.7       129.1       70.763      29.078      -132.2      -124.9      -117.6      22.637      50.243      77.205      117.6       124.9       132.2       77.205      50.243      22.637      1.564       lt25
24X24       2.0         465.0       -116.3      164.614     116.3       164.614     -119.4      -113.2      69.568      259.794     113.2       119.4       259.794     69.568      -121.6      -116.3      -110.9      39.448      164.614     291.608     110.9       116.3       121.6       291.608     164.614     39.448      1.629       eq25
24X24       5.5         440.35      -120.7      157.728     120.7       157.728     -124.0      -117.3      73.47       243.288     117.3       124.0       243.288     73.47       -126.5      -120.7      -114.8      46.035      157.728     271.004     114.8       120.7       126.5       271.004     157.728     46.035      2.167       eq25
24X24       10.0        345.03      -126.6      126.294     126.6       126.294     -130.1      -123.0      64.821      188.79      123.0       130.1       188.79      64.821      -132.8      -126.6      -120.4      44.454      126.294     208.23      120.4       126.6       132.8       208.23      126.294     44.454      2.409       eq25
24X24       15.0        271.1       -133.5      100.91      133.5       100.91      -137.3      -129.6      55.149      147.032     129.6       137.3       147.032     55.149      -140.2      -133.5      -126.8      40.362      100.91      161.174     126.8       133.5       140.2       161.174     100.91      40.362      2.418       eq25
24X24       20.0        202.74      -140.1      76.632      140.1       76.632      -144.1      -136.1      43.617      108.722     136.1       144.1       108.722     43.617      -147.0      -140.1      -133.1      33.48       76.632      119.23      133.1       140.1       147.0       119.23      76.632      33.48       2.418       lt25
24X24       25.0        /
24X24       28.5        124.62      -151.1      47.802      151.1       47.802      -155.4      -146.8      28.272      66.588      146.8       155.4       66.588      28.272      -158.6      -151.1      -143.7      22.227      47.802      72.354      143.7       151.1       158.6       72.354      47.802      22.227      1.534       eq25
