FS          d_cm        D(0)        p1d1sx      D(p1d1sx)   p1d1dx      D(p1d1dx)   p1d2sx      p2d2sx      D(p1d2sx)   D(p2d2sx)   p1d2dx      p2d2dx      D(p1d2dx)   D(p2d2dx)   p1d3sx      p2d3sx      p3d3sx      D(p1d3sx)   D(p2d3sx)   D(p3d3sx)   p1d3dx      p2d3dx      p3d3dx      D(p1d3dx)   D(p2d3dx)   D(p3d3dx)   D(IP-25)    off25
04X04       2.0         407.3       -19.7       205.794     19.7        205.794     -22.7       -16.8       72.122      334.574     16.8        22.7        334.574     72.122      -24.9       -19.7       -14.6       28.377      205.794     378.656     14.6        19.7        24.9        378.656     205.794     28.377      0.339       eq25
04X04       5.5         325.41      -20.5       165.86      20.5        165.86      -23.6       -17.4       61.971      268.58      17.4        23.6        268.58      61.971      -25.8       -20.5       -15.2       29.121      165.86      301.102     15.2        20.5        25.8        301.102     165.86      29.121      0.502       eq25
04X04       10.0        240.53      -21.5       123.34      21.5        123.34      -24.7       -18.3       48.852      198.616     18.3        24.7        198.616     48.852      -27.0       -21.5       -16.0       25.208      123.34      222.08      16.0        21.5        27.0        222.08      123.34      25.208      0.591       eq25
04X04       15.0        196.26      -22.8       101.507     22.8        101.507     -26.2       -19.4       41.566      162.016     19.4        26.2        162.016     41.566      -28.7       -22.8       -16.8       22.139      101.507     181.828     16.8        22.8        28.7        181.828     101.507     22.139      0.644       eq25
04X04       20.0        140.52      -23.9       73.612      23.9        73.612      -27.5       -20.4       29.606      115.092     20.4        27.5        115.092     29.606      -30.1       -23.9       -17.8       16.369      73.612      129.102     17.8        23.9        30.1        129.102     73.612      16.369      0.56        eq25
04X04       25.0        101.09      -25.1       52.243      25.1        52.243      -28.7       -21.4       22.126      83.309      21.4        28.7        83.309      22.126      -31.4       -25.1       -18.7       12.398      52.243      93.198      18.7        25.1        31.4        93.198      52.243      12.398      0.458       eq25
04X04       28.5        81.875      -25.8       42.715      25.8        42.715      -29.5       -22.1       17.969      66.879      22.1        29.5        66.879      17.969      -32.2       -25.8       -19.4       10.376      42.715      75.337      19.4        25.8        32.2        75.337      42.715      10.376      0.389       eq25
07X07       2.0         416.58      -31.9       203.84      31.9        203.84      -34.9       -28.9       74.62       331.722     28.9        34.9        331.722     74.62       -37.2       -31.9       -26.6       31.218      203.84      374.348     26.6        31.9        37.2        374.348     203.84      31.218      0.576       eq25
07X07       5.5         342.79      -33.2       168.246     33.2        168.246     -36.3       -30.0       67.48       271.42      30.0        36.3        271.42      67.48       -38.7       -33.2       -27.7       33.479      168.246     303.094     27.7        33.2        38.7        303.094     168.246     33.479      0.837       eq25
07X07       10.0        256.96      -34.8       129.042     34.8        129.042     -38.1       -31.5       54.372      202.69      31.5        38.1        202.69      54.372      -40.5       -34.8       -29.1       30.727      129.042     225.986     29.1        34.8        40.5        225.986     129.042     30.727      1.01        eq25
07X07       15.0        212.97      -36.7       108.602     36.7        108.602     -40.3       -33.2       47.326      167.518     33.2        40.3        167.518     47.326      -42.9       -36.7       -30.6       28.228      108.602     186.75      30.6        36.7        42.9        186.75      108.602     28.228      1.094       eq25
07X07       20.0        152.71      -38.6       77.593      38.6        77.593      -42.2       -34.9       35.615      120.294     34.9        42.2        120.294     35.615      -44.9       -38.6       -32.2       22.115      77.593      133.982     32.2        38.6        44.9        133.982     77.593      22.115      0.963       eq25
07X07       25.0        110.82      -40.4       57.225      40.4        57.225      -44.2       -36.6       26.23       87.123      36.6        44.2        87.123      26.23       -47.0       -40.4       -33.9       16.58       57.225      96.878      33.9        40.4        47.0        96.878      57.225      16.58       0.819       lt25
07X07       28.5        89.903      -41.6       46.717      41.6        46.717      -45.5       -37.7       21.404      71.173      37.7        45.5        71.173      21.404      -48.3       -41.6       -34.9       13.991      46.717      78.719      34.9        41.6        48.3        78.719      46.717      13.991      0.723       lt25
10X10       2.0         424.81      -47.7       198.71      47.7        198.71      -50.8       -44.6       74.962      319.292     44.6        50.8        319.292     74.962      -53.1       -47.7       -42.3       34.281      198.71      359.248     42.3        47.7        53.1        359.248     198.71      34.281      0.868       eq25
10X10       5.5         354.55      -49.6       167.074     49.6        167.074     -52.9       -46.3       67.391      263.618     46.3        52.9        263.618     67.391      -55.3       -49.6       -43.9       37.176      167.074     294.066     43.9        49.6        55.3        294.066     167.074     37.176      1.199       eq25
10X10       10.0        271.45      -52.1       128.38      52.1        128.38      -55.5       -48.6       56.893      200.814     48.6        55.5        200.814     56.893      -58.0       -52.1       -46.1       35.27       128.38      222.248     46.1        52.1        58.0        222.248     128.38      35.27       1.406       eq25
10X10       15.0        225.01      -55.1       109.73      55.1        109.73      -58.9       -51.4       50.453      165.892     51.4        58.9        165.892     50.453      -61.6       -55.1       -48.6       33.184      109.73      184.334     48.6        55.1        61.6        184.334     109.73      33.184      1.568       eq25
10X10       20.0        162.89      -57.8       80.537      57.8        80.537      -61.7       -54.0       38.69       120.14      54.0        61.7        120.14      38.69       -64.5       -57.8       -51.2       26.432      80.537      132.488     51.2        57.8        64.5        132.488     80.537      26.432      1.375       eq25
10X10       25.0        119.72      -60.6       58.872      60.6        58.872      -64.5       -56.6       29.776      87.96       56.6        64.5        87.96       29.776      -67.4       -60.6       -53.7       20.772      58.872      97.058      53.7        60.6        67.4        97.058      58.872      20.772      1.147       eq25
10X10       28.5        97.136      -62.4       47.88       62.4        47.88       -66.4       -58.3       24.406      71.309      58.3        66.4        71.309      24.406      -69.3       -62.4       -55.4       17.296      47.88       78.497      55.4        62.4        69.3        78.497      47.88       17.296      0.986       eq25
15X15       2.0         433.32      -71.9       182.724     71.9        182.724     -75.0       -68.7       71.872      293.276     68.7        75.0        293.276     71.872      -77.3       -71.9       -66.4       36.704      182.724     328.08      66.4        71.9        77.3        328.08      182.724     36.704      1.197       eq25
15X15       5.5         364.39      -74.7       156.518     74.7        156.518     -78.0       -71.4       67.559      243.128     71.4        78.0        243.128     67.559      -80.4       -74.7       -69.0       40.404      156.518     270.39      69.0        74.7        80.4        270.39      156.518     40.404      1.57        eq25
15X15       10.0        283.39      -78.4       122.958     78.4        122.958     -81.9       -74.9       58.008      186.372     74.9        81.9        186.372     58.008      -84.4       -78.4       -72.3       38.547      122.958     206.758     72.3        78.4        84.4        206.758     122.958     38.547      1.801       eq25
15X15       15.0        242.91      -83.1       107.928     83.1        107.928     -86.9       -79.3       54.13       159.852     79.3        86.9        159.852     54.13       -89.7       -83.1       -76.5       37.742      107.928     176.45      76.5        83.1        89.7        176.45      107.928     37.742      2.027       eq25
15X15       20.0        179.42      -87.2       80.556      87.2        80.556      -91.2       -83.3       41.924      117.106     83.3        91.2        117.106     41.924      -94.1       -87.2       -80.4       30.715      80.556      128.946     80.4        87.2        94.1        128.946     80.556      30.715      1.313       lt25
15X15       25.0        132.62      -91.3       59.902      91.3        59.902      -95.4       -87.2       32.488      86.632      87.2        95.4        86.632      32.488      -98.3       -91.3       -84.2       24.585      59.902      94.904      84.2        91.3        98.3        94.904      59.902      24.585      1.511       eq25
15X15       28.5        108.28      -94.0       49.074      94.0        49.074      -98.2       -89.8       26.901      70.596      89.8        98.2        70.596      26.901      -101.2      -94.0       -86.7       20.527      49.074      77.283      86.7        94.0        101.2       77.283      49.074      20.527      1.301       eq25
20X20       2.0         436.21      -96.3       167.494     96.3        167.494     -99.4       -93.2       69.469      265.054     93.2        99.4        265.054     69.469      -101.7      -96.3       -90.9       37.42       167.494     296.834     90.9        96.3        101.7       296.834     167.494     37.42       0.812       lt25
20X20       5.5         371.23      -100.1      145.096     100.1       145.096     -103.4      -96.8       65.966      222.456     96.8        103.4       222.456     65.966      -105.8      -100.1      -94.4       41.216      145.096     246.666     94.4        100.1       105.8       246.666     145.096     41.216      1.798       eq25
20X20       10.0        290.86      -105.0      115.88      105.0       115.88      -108.5      -101.6      57.023      171.51      101.6       108.5       171.51      57.023      -111.0      -105.0      -99.0       39.732      115.88      189.71      99.0        105.0       111.0       189.71      115.88      39.732      2.001       eq25
20X20       15.0        250.07      -111.2      100.768     111.2       100.768     -115.0      -107.4      53.422      147.12      107.4       115.0       147.12      53.422      -117.8      -111.2      -104.6      38.86       100.768     161.452     104.6       111.2       117.8       161.452     100.768     38.86       2.244       eq25
20X20       20.0        186.74      -116.7      76.027      116.7       76.027      -120.6      -112.7      42.417      109.314     112.7       120.6       109.314     42.417      -123.5      -116.7      -109.8      32.212      76.027      119.55      109.8       116.7       123.5       119.55      76.027      32.212      1.991       eq25
20X20       25.0        138.81      -122.2      56.789      122.2       56.789      -126.2      -118.1      32.932      80.517      118.1       126.2       80.517      32.932      -129.2      -122.2      -115.1      25.634      56.789      88.146      115.1       122.2       129.2       88.146      56.789      25.634      1.664       eq25
20X20       28.5        113.78      -125.8      46.81       125.8       46.81       -130.0      -121.6      27.211      65.924      121.6       130.0       65.924      27.211      -133.1      -125.8      -118.5      21.422      46.81       71.861      118.5       125.8       133.1       71.861      46.81       21.422      1.431       eq25
24X24       2.0         441.11      -116.4      157.702     116.4       157.702     -119.5      -113.3      67.354      246.926     113.3       119.5       246.926     67.354      -121.8      -116.4      -111.1      37.322      157.702     275.496     111.1       116.4       121.8       275.496     157.702     37.322      1.571       eq25
24X24       5.5         375.16      -121.1      134.336     121.1       134.336     -124.4      -117.8      62.505      205.848     117.8       124.4       205.848     62.505      -126.8      -121.1      -115.4      40.365      134.336     228.316     115.4       121.1       126.8       228.316     134.336     40.365      1.429       lt25
24X24       10.0        295.42      -127.0      108.17      127.0       108.17      -130.4      -123.6      55.734      159.85      123.6       130.4       159.85      55.734      -133.0      -127.0      -121.1      39.173      108.17      175.89      121.1       127.0       133.0       175.89      108.17      39.173      2.074       eq25
24X24       15.0        256.08      -134.5      95.341      134.5       95.341      -138.3      -130.7      51.724      137.744     130.7       138.3       137.744     51.724      -141.1      -134.5      -127.9      38.702      95.341      151.024     127.9       134.5       141.1       151.024     95.341      38.702      2.335       eq25
24X24       20.0        189.95      -141.1      71.559      141.1       71.559      -145.1      -137.1      40.623      101.607     137.1       145.1       101.607     40.623      -147.9      -141.1      -134.2      31.783      71.559      110.916     134.2       141.1       147.9       110.916     71.559      31.783      2.045       eq25
24X24       25.0        /
24X24       28.5        116.64      -152.2      44.235      152.2       44.235      -156.4      -148.0      26.53       61.765      148.0       156.4       61.765      26.53       -159.5      -152.2      -144.9      21.377      44.235      66.915      144.9       152.2       159.5       66.915      44.235      21.377      1.474       eq25
