FS          d_cm        D(0)        p1d1sx      D(p1d1sx)   p1d1dx      D(p1d1dx)   p1d2sx      p2d2sx      D(p1d2sx)   D(p2d2sx)   p1d2dx      p2d2dx      D(p1d2dx)   D(p2d2dx)   p1d3sx      p2d3sx      p3d3sx      D(p1d3sx)   D(p2d3sx)   D(p3d3sx)   p1d3dx      p2d3dx      p3d3dx      D(p1d3dx)   D(p2d3dx)   D(p3d3dx)   D(IP-25)    off25
04X04       2.0         452.38      -20.0       227.36      20.0        227.36      -23.1       -17.0       78.329      370.13      17.0        23.1        370.13      78.329      -25.3       -20.0       -14.8       31.203      227.36      417.35      14.8        20.0        25.3        417.35      227.36      31.203      0.381       eq25
04X04       5.5         432.77      -20.7       216.724     20.7        216.724     -24.0       -17.4       78.436      355.808     17.4        24.0        355.808     78.436      -26.4       -20.7       -15.0       33.17       216.724     402.39      15.0        20.7        26.4        402.39      216.724     33.17       0.617       eq25
04X04       10.0        314.98      -21.7       160.474     21.7        160.474     -25.1       -18.3       61.108      258.672     18.3        25.1        258.672     61.108      -27.6       -21.7       -15.8       28.687      160.474     291.24      15.8        21.7        27.6        291.24      160.474     28.687      0.738       eq25
04X04       15.0        222.13      -22.8       114.882     22.8        114.882     -26.3       -19.3       45.404      182.632     19.3        26.3        182.632     45.404      -28.9       -22.8       -16.8       22.555      114.882     204.98      16.8        22.8        28.9        204.98      114.882     22.555      0.708       eq25
04X04       20.0        158.72      -24.0       81.446      24.0        81.446      -27.6       -20.4       32.677      129.992     20.4        27.6        129.992     32.677      -30.2       -24.0       -17.7       17.332      81.446      146.528     17.7        24.0        30.2        146.528     81.446      17.332      0.613       eq25
04X04       25.0        115.02      -25.1       59.665      25.1        59.665      -28.8       -21.4       24.426      94.345      21.4        28.8        94.345      24.426      -31.5       -25.1       -18.7       13.162      59.665      105.71      18.7        25.1        31.5        105.71      59.665      13.162      0.506       eq25
04X04       28.5        93.434      -25.8       48.929      25.8        48.929      -29.6       -22.1       20.062      76.265      22.1        29.6        76.265      20.062      -32.4       -25.8       -19.3       10.863      48.929      85.65       19.3        25.8        32.4        85.65       48.929      10.863      0.437       eq25
07X07       2.0         464.65      -31.9       228.276     31.9        228.276     -35.0       -28.8       82.607      368.944     28.8        35.0        368.944     82.607      -37.3       -31.9       -26.6       34.896      228.276     414.35      26.6        31.9        37.3        414.35      228.276     34.896      0.647       eq25
07X07       5.5         445.24      -33.0       218.04      33.0        218.04      -36.3       -29.6       84.296      353.108     29.6        36.3        353.108     84.296      -38.8       -33.0       -27.2       39.197      218.04      395.942     27.2        33.0        38.8        395.942     218.04      39.197      1.011       eq25
07X07       10.0        329.63      -34.6       164.652     34.6        164.652     -38.1       -31.1       67.131      260.774     31.1        38.1        260.774     67.131      -40.6       -34.6       -28.6       36.144      164.652     291.2       28.6        34.6        40.6        291.2       164.652     36.144      1.051       lt25
07X07       15.0        236.65      -36.4       119.904     36.4        119.904     -40.0       -32.8       51.562      186.778     32.8        40.0        186.778     51.562      -42.6       -36.4       -30.2       29.667      119.904     207.894     30.2        36.4        42.6        207.894     119.904     29.667      1.186       eq25
07X07       20.0        172.71      -38.2       88.466      38.2        88.466      -41.9       -34.5       39.45       136.32      34.5        41.9        136.32      39.45       -44.6       -38.2       -31.8       23.658      88.466      151.752     31.8        38.2        44.6        151.752     88.466      23.658      1.059       eq25
07X07       25.0        125.04      -40.0       64.436      40.0        64.436      -43.9       -36.2       28.816      98.246      36.2        43.9        98.246      28.816      -46.7       -40.0       -33.4       17.922      64.436      109.57      33.4        40.0        46.7        109.57      64.436      17.922      0.91        lt25
07X07       28.5        102.46      -41.3       52.564      41.3        52.564      -45.1       -37.4       24.762      80.473      37.4        45.1        80.473      24.762      -48.0       -41.3       -34.5       15.727      52.564      89.596      34.5        41.3        48.0        89.596      52.564      15.727      0.886       lt25
10X10       2.0         478.66      -47.8       220.004     47.8        220.004     -50.9       -44.6       82.602      358.786     44.6        50.9        358.786     82.602      -53.2       -47.8       -42.4       37.991      220.004     401.95      42.4        47.8        53.2        401.95      220.004     37.991      0.957       eq25
10X10       5.5         457.79      -49.4       214.82      49.4        214.82      -52.8       -46.0       85.741      342.21      46.0        52.8        342.21      85.741      -55.3       -49.4       -43.6       43.992      214.82      381.788     43.6        49.4        55.3        381.788     214.82      43.992      1.451       eq25
10X10       10.0        348.39      -51.9       164.712     51.9        164.712     -55.4       -48.4       71.516      256.788     48.4        55.4        256.788     71.516      -57.9       -51.9       -45.8       42.709      164.712     287.148     45.8        51.9        57.9        287.148     164.712     42.709      1.721       eq25
10X10       15.0        253.72      -54.6       121.96      54.6        121.96      -58.2       -51.0       56.864      186.36      51.0        58.2        186.36      56.864      -60.9       -54.6       -48.3       35.738      121.96      207.402     48.3        54.6        60.9        207.402     121.96      35.738      1.708       eq25
10X10       20.0        185.86      -57.3       90.22       57.3        90.22       -61.0       -53.6       43.916      135.498     53.6        61.0        135.498     43.916      -63.8       -57.3       -50.8       28.954      90.22       150.634     50.8        57.3        63.8        150.634     90.22       28.954      1.128       lt25
10X10       25.0        137.29      -60.0       67.266      60.0        67.266      -63.8       -56.1       33.775      100.518     56.1        63.8        100.518     33.775      -66.7       -60.0       -53.3       22.845      67.266      111.044     53.3        60.0        66.7        111.044     67.266      22.845      1.269       eq25
10X10       28.5        111.88      -61.8       54.854      61.8        54.854      -65.7       -57.9       27.766      81.398      57.9        65.7        81.398      27.766      -68.6       -61.8       -55.0       19.105      54.854      90.133      55.0        61.8        68.6        90.133      54.854      19.105      1.094       eq25
15X15       2.0         487.26      -71.8       208.434     71.8        208.434     -75.0       -68.7       79.416      330.36      68.7        75.0        330.36      79.416      -77.2       -71.8       -66.5       40.763      208.434     369.43      66.5        71.8        77.2        369.43      208.434     40.763      1.322       eq25
15X15       5.5         474.31      -74.3       203.086     74.3        203.086     -77.7       -70.9       85.602      319.796     70.9        77.7        319.796     85.602      -80.2       -74.3       -68.4       47.817      203.086     357.588     68.4        74.3        80.2        357.588     203.086     47.817      1.908       eq25
15X15       10.0        365.14      -78.0       158.57      78.0        158.57      -81.5       -74.4       73.674      243.222     74.4        81.5        243.222     73.674      -84.1       -78.0       -71.9       46.742      158.57      269.442     71.9        78.0        84.1        269.442     158.57      46.742      2.221       eq25
15X15       15.0        270.34      -82.0       119.99      82.0        119.99      -85.7       -78.4       59.462      178.094     78.4        85.7        178.094     59.462      -88.4       -82.0       -75.7       40.818      119.99      196.984     75.7        82.0        88.4        196.984     119.99      40.818      2.197       eq25
15X15       20.0        199.97      -86.1       89.23       86.1        89.23       -89.9       -82.3       46.511      131.26      82.3        89.9        131.26      46.511      -92.6       -86.1       -79.5       33.594      89.23       144.91      79.5        86.1        92.6        144.91      89.23       33.594      1.413       lt25
15X15       25.0        149.47      -90.1       67.831      90.1        67.831      -94.0       -86.2       36.466      97.858      86.2        94.0        97.858      36.466      -96.9       -90.1       -83.4       26.906      67.831      107.296     83.4        90.1        96.9        107.296     67.831      26.906      1.653       eq25
15X15       28.5        121.38      -92.9       55.075      92.9        55.075      -96.9       -89.0       30.169      79.282      89.0        96.9        79.282      30.169      -99.8       -92.9       -86.1       22.836      55.075      87.133      86.1        92.9        99.8        87.133      55.075      22.836      1.407       eq25
20X20       2.0         483.99      -96.0       185.68      96.0        185.68      -99.1       -92.9       75.874      295.666     92.9        99.1        295.666     75.874      -101.3      -96.0       -90.6       41.104      185.68      331.928     90.6        96.0        101.3       331.928     185.68      41.104      1.528       eq25
20X20       5.5         480.99      -99.4       187.504     99.4        187.504     -102.7      -96.0       84.231      292.59      96.0        102.7       292.59      84.231      -105.2      -99.4       -93.6       49.561      187.504     325.14      93.6        99.4        105.2       325.14      187.504     49.561      2.203       eq25
20X20       10.0        373.43      -104.3      148.394     104.3       148.394     -107.8      -100.8      72.213      222.932     100.8       107.8       222.932     72.213      -110.4      -104.3      -98.2       48.195      148.394     247.23      98.2        104.3       110.4       247.23      148.394     48.195      2.482       eq25
20X20       15.0        280.02      -109.7      113.368     109.7       113.368     -113.4      -106.1      59.06       165.578     106.1       113.4       165.578     59.06       -116.1      -109.7      -103.4      42.291      113.368     182.882     103.4       109.7       116.1       182.882     113.368     42.291      2.444       eq25
20X20       20.0        208.82      -115.2      85.036      115.2       85.036      -119.0      -111.4      46.558      122.504     111.4       119.0       122.504     46.558      -121.8      -115.2      -108.6      34.997      85.036      134.794     108.6       115.2       121.8       134.794     85.036      34.997      2.169       eq25
20X20       25.0        156.45      -120.6      64.485      120.6       64.485      -124.5      -116.7      36.943      91.328      116.7       124.5       91.328      36.943      -127.4      -120.6      -113.8      28.279      64.485      100.086     113.8       120.6       127.4       100.086     64.485      28.279      1.828       eq25
20X20       28.5        128.23      -124.2      53.024      124.2       53.024      -128.2      -120.2      30.647      74.642      120.2       128.2       74.642      30.647      -131.2      -124.2      -117.3      23.706      53.024      81.516      117.3       124.2       131.2       81.516      53.024      23.706      1.618       lt25
24X24       2.0         /
24X24       5.5         486.64      -120.3      176.616     120.3       176.616     -123.6      -116.9      81.332      271.84      116.9       123.6       271.84      81.332      -126.1      -120.3      -114.5      49.35       176.616     302.17      114.5       120.3       126.1       302.17      176.616     49.35       2.351       eq25
24X24       10.0        379.93      -126.2      140.226     126.2       140.226     -129.7      -122.7      70.485      208.888     122.7       129.7       208.888     70.485      -132.3      -126.2      -120.2      48.18       140.226     230.242     120.2       126.2       132.3       230.242     140.226     48.18       2.626       eq25
24X24       15.0        286.98      -132.8      107.02      132.8       107.02      -136.5      -129.1      57.521      155.888     129.1       136.5       155.888     57.521      -139.1      -132.8      -126.4      42.743      107.02      171.296     126.4       132.8       139.1       171.296     107.02      42.743      2.546       eq25
24X24       20.0        214.97      -139.4      81.557      139.4       81.557      -143.2      -135.6      46.32       115.768     135.6       143.2       115.768     46.32       -146.0      -139.4      -132.8      35.31       81.557      126.734     132.8       139.4       146.0       126.734     81.557      35.31       2.505       lt25
24X24       25.0        161.62      -146.0      61.664      146.0       61.664      -149.9      -142.1      36.398      86.24       142.1       149.9       86.24       36.398      -152.8      -146.0      -139.2      28.427      61.664      94.223      139.2       146.0       152.8       94.223      61.664      28.427      1.894       eq25
24X24       28.5        132.53      -150.3      50.779      150.3       50.779      -154.4      -146.3      30.037      70.568      146.3       154.4       70.568      30.037      -157.3      -150.3      -143.3      23.792      50.779      76.947      143.3       150.3       157.3       76.947      50.779      23.792      1.641       eq25
