FS          d_cm        ini_bin     bin         D(0)        p1d1sx      D(p1d1sx)   p1d1dx      D(p1d1dx)   p1d2sx      p2d2sx      D(p1d2sx)   D(p2d2sx)   p1d2dx      p2d2dx      D(p1d2dx)   D(p2d2dx)   p1d3sx      p2d3sx      p3d3sx      D(p1d3sx)   D(p2d3sx)   D(p3d3sx)   p1d3dx      p2d3dx      p3d3dx      D(p1d3dx)   D(p2d3dx)   D(p3d3dx)   D(IP-25)    off25       params
04X04       2.0         0.5         0.1         426.97      -19.9       214.928     19.9        214.928     -23.0       -16.9       73.471      350.392     16.9        23.0        350.392     73.471      -25.2       -19.9       -14.7       29.6998     214.928     395.414     14.7        19.9        25.2        395.414     214.928     29.6998     0.36715     eq25        52.67321    -19.92879   3.04333     -52.67321   19.92879    3.04333
04X04       5.5         0.5         0.1         376.59      -20.7       188.72      20.7        188.72      -23.9       -17.4       70.279      310.41      17.4        23.9        310.41      70.279      -26.3       -20.7       -15.1       31.169      188.72      348.664     15.1        20.7        26.3        348.664     188.72      31.169      0.55506     eq25        43.04927    -20.65997   3.22955     -43.04927   20.65997    3.22955
04X04       10.0        0.5         0.1         276.25      -21.7       140.642     21.7        140.642     -25.0       -18.3       55.506      227.576     18.3        25.0        227.576     55.506      -27.5       -21.7       -15.9       26.899      140.642     255.068     15.9        21.7        27.5        255.068     140.642     26.899      0.66607     eq25        29.88631    -21.67867   3.34355     -29.88631   21.67867    3.34355
04X04       15.0        0.5         0.1         209.64      -22.9       107.168     22.9        107.168     -26.4       -19.3       42.8508     173.208     19.3        26.4        173.208     42.8508     -28.9       -22.9       -16.8       22.6414     107.168     193.5       16.8        22.9        28.9        193.5       107.168     22.6414     0.69182     eq25        21.41431    -22.85485   3.50703     -21.41431   22.85485    3.50703
04X04       20.0        0.5         0.1         149.87      -24.0       77.709      24.0        77.709      -27.6       -20.4       32.023      122.964     20.4        27.6        122.964     32.023      -30.3       -24.0       -17.7       16.9082     77.709      138.086     17.7        24.0        30.3        138.086     77.709      16.9082     0.59776     eq25        14.69316    -23.99825   3.61934     -14.69316   23.99825    3.61934
04X04       25.0        0.5         0.1         108.45      -25.1       56.6162     25.1        56.6162     -28.9       -21.4       23.2268     88.9808     21.4        28.9        88.9808     23.2268     -31.6       -25.1       -18.7       12.9798     56.6162     99.5694     18.7        25.1        31.6        99.5694     56.6162     12.9798     0.46967     eq25        10.2147     -25.11895   3.73105     -10.2147    25.11895    3.73105
04X04       28.5        0.5         0.1         87.956      -25.9       45.686      25.9        45.686      -29.7       -22.1       19.0432     71.731      22.1        29.7        71.731      19.0432     -32.4       -25.9       -19.3       10.8448     45.686      80.6116     19.3        25.9        32.4        80.6116     45.686      10.8448     0.42697     eq25        8.10299     -25.86996   3.79634     -8.10299    25.86996    3.79634
07X07       2.0         0.5         0.1         437.22      -31.9       215.35      31.9        215.35      -35.0       -28.8       78.093      348.62      28.8        35.0        348.62      78.093      -37.3       -31.9       -26.6       33.2104     215.35      390.634     26.6        31.9        37.3        390.634     215.35      33.2104     0.61411     eq25        50.66739    -31.9469    3.09888     -50.66742   31.9469     3.09888
07X07       5.5         0.5         0.1         391.75      -33.1       193.95      33.1        193.95      -36.4       -29.8       75.2896     309.728     29.8        36.4        309.728     75.2896     -38.9       -33.1       -27.4       36.2894     193.95      347.594     27.4        33.1        38.9        347.594     193.95      36.2894     0.91816     eq25        41.24132    -33.12027   3.30942     -41.24133   33.12027    3.30942
07X07       10.0        0.5         0.1         292.06      -34.8       144.808     34.8        144.808     -38.2       -31.3       60.5112     230.24      31.3        38.2        230.24      60.5112     -40.7       -34.8       -28.8       33.4908     144.808     257.434     28.8        34.8        40.7        257.434     144.808     33.4908     1.1368      lt25        28.66567    -34.75419   3.43731     -28.66566   34.75419    3.43731
07X07       15.0        0.5         0.1         225.17      -36.6       114.202     36.6        114.202     -40.2       -33.0       50.0176     177.51      33.0        40.2        177.51      50.0176     -42.9       -36.6       -30.3       28.8562     114.202     198.062     30.3        36.6        42.9        198.062     114.202     28.8562     1.1368      eq25        20.50129    -36.61389   3.62888     -20.50129   36.61389    3.62888
07X07       20.0        0.5         0.1         162.65      -38.4       83.5962     38.4        83.5962     -42.2       -34.7       36.901      128.102     34.7        42.2        128.102     36.901      -44.9       -38.4       -31.9       22.9974     83.5962     142.88      31.9        38.4        44.9        142.88      83.5962     22.9974     1.0056      lt25        14.13659    -38.4196    3.74215     -14.13659   38.4196     3.74215
07X07       25.0        0.5         0.1         118.05      -40.3       60.2488     40.3        60.2488     -44.1       -36.4       27.8944     92.7778     36.4        44.1        92.7778     27.8944     -46.9       -40.3       -33.6       17.6638     60.2488     103.358     33.6        40.3        46.9        103.358     60.2488     17.6638     0.87444     lt25        9.8034      -40.2609    3.85952     -9.8034     40.2609     3.85952
07X07       28.5        0.5         0.1         96.188      -41.5       49.406      41.5        49.406      -45.4       -37.5       23.1724     76.076      37.5        45.4        76.076      23.1724     -48.3       -41.5       -34.6       14.778      49.406      84.2082     34.6        41.5        48.3        84.2082     49.406      14.778      0.83072     lt25        7.74372     -41.45499   3.95484     -7.74372    41.45499    3.95484
10X10       2.0         0.5         0.1         447.29      -47.8       205.844     47.8        205.844     -50.9       -44.6       77.56       335.378     44.6        50.9        335.378     77.56       -53.2       -47.8       -42.3       35.962      205.844     376.978     42.3        47.8        53.2        376.978     205.844     35.962      0.91247     eq25        47.69915    -47.76912   3.13258     -47.69917   47.76912    3.13258
10X10       5.5         0.5         0.1         403.46      -49.6       188.042     49.6        188.042     -52.9       -46.2       77.2914     300.218     46.2        52.9        300.218     77.2914     -55.4       -49.6       -43.8       40.9716     188.042     335.018     43.8        49.6        55.4        335.018     188.042     40.9716     1.33294     eq25        38.57024    -49.57054   3.3588      -38.57023   49.57054    3.3588
10X10       10.0        0.5         0.1         307.74      -52.0       147.16      52.0        147.16      -55.5       -48.5       64.857      227.67      48.5        55.5        227.67      64.857      -58.1       -52.0       -45.9       38.8252     147.16      253.256     45.9        52.0        58.1        253.256     147.16      38.8252     1.5655      eq25        26.90321    -52.01974   3.51059     -26.90322   52.01975    3.51058
10X10       15.0        0.5         0.1         240.19      -54.9       115.128     54.9        115.128     -58.6       -51.1       53.4956     176.946     51.1        58.6        176.946     53.4956     -61.3       -54.9       -48.4       34.7096     115.128     196.268     48.4        54.9        61.3        196.268     115.128     34.7096     1.61916     eq25        19.15028    -54.8625    3.71933     -19.15027   54.8625     3.71934
10X10       20.0        0.5         0.1         174.89      -57.6       84.9852     57.6        84.9852     -61.4       -53.7       41.5082     128.728     53.7        61.4        128.728     41.5082     -64.2       -57.6       -50.9       28.0902     84.9852     142.148     50.9        57.6        64.2        142.148     84.9852     28.0902     1.4313      eq25        13.1693     -57.57043   3.83404     -13.16928   57.57042    3.83405
10X10       25.0        0.5         0.1         129.27      -60.3       63.5152     60.3        63.5152     -64.3       -56.3       31.4892     94.5572     56.3        64.3        94.5572     31.4892     -67.2       -60.3       -53.4       22.007      63.5152     104.848     53.4        60.3        67.2        104.848     63.5152     22.007      1.2077      eq25        9.17887     -60.28369   3.99297     -9.17887    60.28369    3.99297
10X10       28.5        0.5         0.1         105.11      -62.1       51.6174     62.1        51.6174     -66.2       -58.1       25.9426     76.4866     58.1        66.2        76.4866     25.9426     -69.1       -62.1       -55.1       18.2496     51.6174     84.8062     55.1        62.1        69.1        84.8062     51.6174     18.2496     0.89458     lt25        7.27484     -62.10539   4.04849     -7.27482    62.10539    4.04851
15X15       2.0         0.5         0.1         456.09      -71.9       191.286     71.9        191.286     -75.0       -68.7       75.255      308.406     68.7        75.0        308.406     75.255      -77.3       -71.9       -66.4       38.129      191.286     345.712     66.4        71.9        77.3        345.712     191.286     38.129      1.24054     eq25        42.96926    -71.86406   3.14263     -42.96925   71.86406    3.14263
15X15       5.5         0.5         0.1         416.41      -74.5       179.7       74.5        179.7       -77.9       -71.2       76.6234     277.94      71.2        77.9        277.94      76.6234     -80.4       -74.5       -68.7       43.9674     179.7       310.78      68.7        74.5        80.4        310.78      179.7       43.9674     1.7331      eq25        34.80478    -74.53776   3.37556     -34.80484   74.53776    3.37555
15X15       10.0        0.5         0.1         322.46      -78.2       140.566     78.2        140.566     -81.8       -74.7       64.9472     212.534     74.7        81.8        212.534     64.9472     -84.4       -78.2       -72.1       42.0514     140.566     236.162     72.1        78.2        84.4        236.162     140.566     42.0514     1.6875      lt25        24.1567     -78.21225   3.54577     -24.15672   78.21226    3.54577
15X15       15.0        0.5         0.1         256.78      -82.5       113.11      82.5        113.11      -86.3       -78.7       56.2818     169.026     78.7        86.3        169.026     56.2818     -89.1       -82.5       -75.9       38.9502     113.11      186.906     75.9        82.5        89.1        186.906     113.11      38.9502     2.098       eq25        17.17991    -82.46724   3.80125     -17.17989   82.46724    3.80126
15X15       20.0        0.5         0.1         189.73      -86.6       84.5592     86.6        84.5592     -90.5       -82.6       44.241      124.692     82.6        90.5        124.692     44.241      -93.4       -86.6       -79.7       32.1998     84.5592     137.192     79.7        86.6        93.4        137.192     84.5592     32.1998     1.87        eq25        11.77836    -86.55471   3.94691     -11.77837   86.55471    3.9469
15X15       25.0        0.5         0.1         140.93      -90.6       63.944      90.6        63.944      -94.7       -86.5       34.4802     92.586      86.5        94.7        92.586      34.4802     -97.7       -90.6       -83.6       25.6322     63.944      101.068     83.6        90.6        97.7        101.068     63.944      25.6322     1.58718     eq25        8.21487     -90.62833   4.08613     -8.21488    90.62833    4.08612
15X15       28.5        0.5         0.1         114.93      -93.4       52.1766     93.4        52.1766     -97.5       -89.2       28.734      75.4374     89.2        97.5        75.4374     28.734      -100.5      -93.4       -86.2       21.436      52.1766     82.3696     86.2        93.4        100.5       82.3696     52.1766     21.436      1.3683      eq25        6.53706     -93.36713   4.12944     -6.53702    93.36712    4.12949
20X20       2.0         0.5         0.1         460.1       -96.1       178.336     96.1        178.336     -99.2       -93.0       73.8002     281.58      93.0        99.2        281.58      73.8002     -101.5      -96.1       -90.7       39.108      178.336     314.618     90.7        96.1        101.5       314.618     178.336     39.108      1.4723      eq25        38.80957    -96.1216    3.11344     -38.80957   96.1216     3.11344
20X20       5.5         0.5         0.1         436.17      -99.8       168.86      99.8        168.86      -103.1      -96.4       76.7446     262.628     96.4        103.1       262.628     76.7446     -105.6      -99.8       -93.9       46.378      168.86      292.804     93.9        99.8        105.6       292.804     168.86      46.378      2.0244      eq25        32.07771    -99.75777   3.3835      -32.07773   99.75778    3.3835
20X20       10.0        0.5         0.1         340.01      -104.7      134.35      104.7       134.35      -108.2      -101.1      66.7146     202.532     101.1       108.2       202.532     66.7146     -110.8      -104.7      -98.5       45.09       134.35      224.07      98.5        104.7       110.8       224.07      134.35      45.09       2.2821      eq25        22.22683    -104.6646   3.55714     -22.22682   104.6646    3.55715
20X20       15.0        0.5         0.1         265.48      -110.4      106.464     110.4       106.464     -114.2      -106.5      56.1326     157.35      106.5       114.2       157.35      56.1326     -117.0      -110.4      -103.7      40.489      106.464     172.908     103.7       110.4       117.0       172.908     106.464     40.489      2.3465      eq25        15.29224    -110.35685  -3.82341    -15.29225   110.35685   -3.82341
20X20       20.0        0.5         0.1         198.3       -115.8      81.3454     115.8       81.3454     -119.8      -111.8      44.5374     116.594     111.8       119.8       116.594     44.5374     -122.7      -115.8      -108.9      33.679      81.3454     127.726     108.9       115.8       122.7       127.726     81.3454     33.679      2.08884     eq25        10.44665    -115.83276  -3.99159    -10.44677   115.83278   -3.9915
20X20       25.0        0.5         0.1         148.15      -121.3      60.8254     121.3       60.8254     -125.4      -117.2      34.9672     86.2226     117.2       125.4       86.2226     34.9672     -128.4      -121.3      -114.2      26.87       60.8254     94.4126     114.2       121.3       128.4       94.4126     60.8254     26.87       1.7484      eq25        7.28344     -121.28728  -4.11846    -7.28343    121.28727   -4.11848
20X20       28.5        0.5         0.1         121.47      -124.9      50.243      124.9       50.243      -129.1      -120.7      29.078      70.763      120.7       129.1       70.763      29.078      -132.2      -124.9      -117.6      22.637      50.243      77.205      117.6       124.9       132.2       77.205      50.243      22.637      1.5643      lt25        5.74373     -124.91976  4.22564     -5.7438     124.91977   4.22554
24X24       2.0         0.5         0.1         465.0       -116.3      164.614     116.3       164.614     -119.4      -113.2      69.5678     259.794     113.2       119.4       259.794     69.5678     -121.6      -116.3      -110.9      39.4476     164.614     291.608     110.9       116.3       121.6       291.608     164.614     39.4476     1.6287      eq25        35.71378    -116.26062  -3.10122    -35.71376   116.26061   -3.10122
24X24       5.5         0.5         0.1         440.35      -120.7      157.728     120.7       157.728     -124.0      -117.3      73.47       243.288     117.3       124.0       243.288     73.47       -126.5      -120.7      -114.8      46.035      157.728     271.004     114.8       120.7       126.5       271.004     157.728     46.035      2.1669      eq25        29.28562    -120.65392  -3.38164    -29.28561   120.65392   -3.38164
24X24       10.0        0.5         0.1         345.03      -126.6      126.294     126.6       126.294     -130.1      -123.0      64.821      188.79      123.0       130.1       188.79      64.821      -132.8      -126.6      -120.4      44.454      126.294     208.23      120.4       126.6       132.8       208.23      126.294     44.454      2.4087      eq25        20.26081    -126.58951  -3.55718    -20.26081   126.58951   -3.55718
24X24       15.0        0.5         0.1         271.1       -133.5      100.91      133.5       100.91      -137.3      -129.6      55.149      147.032     129.6       137.3       147.032     55.149      -140.2      -133.5      -126.8      40.362      100.91      161.174     126.8       133.5       140.2       161.174     100.91      40.362      2.418       eq25        13.82984    -133.46748  3.8672      -13.8298    133.46748   3.86723
24X24       20.0        0.5         0.1         202.74      -140.1      76.632      140.1       76.632      -144.1      -136.1      43.617      108.722     136.1       144.1       108.722     43.617      -147.0      -140.1      -133.1      33.48       76.632      119.23      133.1       140.1       147.0       119.23      76.632      33.48       2.418       lt25        9.45867     -140.0958   4.01316     -9.45862    140.09579   4.0132
24X24       25.0        /
24X24       28.5        0.5         0.1         124.62      -151.1      47.802      151.1       47.802      -155.4      -146.8      28.272      66.588      146.8       155.4       66.588      28.272      -158.6      -151.1      -143.7      22.227      47.802      72.354      143.7       151.1       158.6       72.354      47.802      22.227      1.5345      eq25        5.14345     -151.10552  4.30223     -5.14342    151.10551   4.30228
