FS          d_cm        ini_bin     bin         D(0)        p1d1sx      D(p1d1sx)   p1d1dx      D(p1d1dx)   p1d2sx      p2d2sx      D(p1d2sx)   D(p2d2sx)   p1d2dx      p2d2dx      D(p1d2dx)   D(p2d2dx)   p1d3sx      p2d3sx      p3d3sx      D(p1d3sx)   D(p2d3sx)   D(p3d3sx)   p1d3dx      p2d3dx      p3d3dx      D(p1d3dx)   D(p2d3dx)   D(p3d3dx)   D(IP-25)    off25       params
04X04       2.0         0.5         0.1         452.38      -20.0       227.36      20.0        227.36      -23.1       -17.0       78.329      370.13      17.0        23.1        370.13      78.329      -25.3       -20.0       -14.8       31.2028     227.36      417.35      14.8        20.0        25.3        417.35      227.36      31.2028     0.38078     eq25        55.53874    -20.03828   3.05114     -55.53874   20.03828    3.05114
04X04       5.5         0.5         0.1         432.77      -20.7       216.724     20.7        216.724     -24.0       -17.4       78.436      355.808     17.4        24.0        355.808     78.436      -26.4       -20.7       -15.0       33.1696     216.724     402.39      15.0        20.7        26.4        402.39      216.724     33.1696     0.6167      eq25        48.98908    -20.66688   3.28977     -48.98908   20.66688    3.28977
04X04       10.0        0.5         0.1         314.98      -21.7       160.474     21.7        160.474     -25.1       -18.3       61.1084     258.672     18.3        25.1        258.672     61.1084     -27.6       -21.7       -15.8       28.687      160.474     291.24      15.8        21.7        27.6        291.24      160.474     28.687      0.73838     eq25        33.8273     -21.69418   3.39075     -33.8273    21.69418    3.39076
04X04       15.0        0.5         0.1         222.13      -22.8       114.882     22.8        114.882     -26.3       -19.3       45.4044     182.632     19.3        26.3        182.632     45.4044     -28.9       -22.8       -16.8       22.5546     114.882     204.98      16.8        22.8        28.9        204.98      114.882     22.5546     0.70831     eq25        22.83168    -22.82831   3.49887     -22.83168   22.82831    3.49887
04X04       20.0        0.5         0.1         158.72      -24.0       81.446      24.0        81.446      -27.6       -20.4       32.677      129.992     20.4        27.6        129.992     32.677      -30.2       -24.0       -17.7       17.3316     81.446      146.528     17.7        24.0        30.2        146.528     81.446      17.3316     0.61306     eq25        15.72599    -23.95344   3.60144     -15.72599   23.95344    3.60144
04X04       25.0        0.5         0.1         115.02      -25.1       59.6654     25.1        59.6654     -28.8       -21.4       24.4264     94.3452     21.4        28.8        94.3452     24.4264     -31.5       -25.1       -18.7       13.162      59.6654     105.71      18.7        25.1        31.5        105.71      59.6654     13.162      0.5059      eq25        10.9892     -25.09237   3.69574     -10.9892    25.09237    3.69574
04X04       28.5        0.5         0.1         93.434      -25.8       48.929      25.8        48.929      -29.6       -22.1       20.0618     76.2648     22.1        29.6        76.2648     20.0618     -32.4       -25.8       -19.3       10.8626     48.929      85.65       19.3        25.8        32.4        85.65       48.929      10.8626     0.43684     eq25        8.70052     -25.84249   3.77611     -8.70052    25.84249    3.77611
07X07       2.0         0.5         0.1         464.65      -31.9       228.276     31.9        228.276     -35.0       -28.8       82.607      368.944     28.8        35.0        368.944     82.607      -37.3       -31.9       -26.6       34.8962     228.276     414.35      26.6        31.9        37.3        414.35      228.276     34.8962     0.64699     eq25        53.69996    -31.94353   3.10565     -53.69997   31.94353    3.10565
07X07       5.5         0.5         0.1         445.24      -33.0       218.04      33.0        218.04      -36.3       -29.6       84.2956     353.108     29.6        36.3        353.108     84.2956     -38.8       -33.0       -27.2       39.1966     218.04      395.942     27.2        33.0        38.8        395.942     218.04      39.1966     1.011       eq25        46.70469    -32.98607   3.34406     -46.70469   32.98607    3.34406
07X07       10.0        0.5         0.1         329.63      -34.6       164.652     34.6        164.652     -38.1       -31.1       67.1306     260.774     31.1        38.1        260.774     67.1306     -40.6       -34.6       -28.6       36.144      164.652     291.2       28.6        34.6        40.6        291.2       164.652     36.144      1.0513      lt25        32.23859    -34.6161    3.4735      -32.23861   34.6161     3.4735
07X07       15.0        0.5         0.1         236.65      -36.4       119.904     36.4        119.904     -40.0       -32.8       51.562      186.778     32.8        40.0        186.778     51.562      -42.6       -36.4       -30.2       29.667      119.904     207.894     30.2        36.4        42.6        207.894     119.904     29.667      1.18634     eq25        21.86666    -36.4297    3.58562     -21.86666   36.4297     3.58562
07X07       20.0        0.5         0.1         172.71      -38.2       88.4656     38.2        88.4656     -41.9       -34.5       39.4496     136.32      34.5        41.9        136.32      39.4496     -44.6       -38.2       -31.8       23.6576     88.4656     151.752     31.8        38.2        44.6        151.752     88.4656     23.6576     1.0593      eq25        15.21475    -38.233     3.70408     -15.21475   38.233      3.70408
07X07       25.0        0.5         0.1         125.04      -40.0       64.436      40.0        64.436      -43.9       -36.2       28.8162     98.2458     36.2        43.9        98.2458     28.8162     -46.7       -40.0       -33.4       17.9222     64.436      109.57      33.4        40.0        46.7        109.57      64.436      17.9222     0.90968     lt25        10.52309    -40.04097   3.82426     -10.52309   40.04097    3.82426
07X07       28.5        0.5         0.1         102.46      -41.3       52.5642     41.3        52.5642     -45.1       -37.4       24.762      80.4726     37.4        45.1        80.4726     24.762      -48.0       -41.3       -34.5       15.727      52.5642     89.596      34.5        41.3        48.0        89.596      52.5642     15.727      0.88562     lt25        8.37925     -41.25192   3.87538     -8.37925    41.25192    3.87539
10X10       2.0         0.5         0.1         478.66      -47.8       220.004     47.8        220.004     -50.9       -44.6       82.6022     358.786     44.6        50.9        358.786     82.6022     -53.2       -47.8       -42.4       37.9908     220.004     401.95      42.4        47.8        53.2        401.95      220.004     37.9908     0.95694     eq25        51.09771    -47.76965   3.12702     -51.09771   47.76965    3.12702
10X10       5.5         0.5         0.1         457.79      -49.4       214.82      49.4        214.82      -52.8       -46.0       85.7412     342.21      46.0        52.8        342.21      85.7412     -55.3       -49.4       -43.6       43.992      214.82      381.788     43.6        49.4        55.3        381.788     214.82      43.992      1.45122     eq25        43.91752    -49.41943   3.37025     -43.91753   49.41943    3.37025
10X10       10.0        0.5         0.1         348.39      -51.9       164.712     51.9        164.712     -55.4       -48.4       71.5162     256.788     48.4        55.4        256.788     71.5162     -57.9       -51.9       -45.8       42.7092     164.712     287.148     45.8        51.9        57.9        287.148     164.712     42.7092     1.72128     eq25        30.70584    -51.8694    3.50299     -30.70585   51.8694     3.50299
10X10       15.0        0.5         0.1         253.72      -54.6       121.96      54.6        121.96      -58.2       -51.0       56.8642     186.36      51.0        58.2        186.36      56.8642     -60.9       -54.6       -48.3       35.7376     121.96      207.402     48.3        54.6        60.9        207.402     121.96      35.7376     1.70832     eq25        20.82992    -54.58266   3.62459     -20.82992   54.58266    3.62459
10X10       20.0        0.5         0.1         185.86      -57.3       90.2198     57.3        90.2198     -61.0       -53.6       43.916      135.498     53.6        61.0        135.498     43.916      -63.8       -57.3       -50.8       28.9536     90.2198     150.634     50.8        57.3        63.8        150.634     90.2198     28.9536     1.1276      lt25        14.33966    -57.29573   3.74113     -14.33965   57.29573    3.74113
10X10       25.0        0.5         0.1         137.29      -60.0       67.266      60.0        67.266      -63.8       -56.1       33.7754     100.5178    56.1        63.8        100.5178    33.7754     -66.7       -60.0       -53.3       22.8454     67.266      111.044     53.3        60.0        66.7        111.044     67.266      22.8454     1.2691      eq25        10.08025    -59.98941   3.85811     -10.08024   59.98941    3.85812
10X10       28.5        0.5         0.1         111.88      -61.8       54.8536     61.8        54.8536     -65.7       -57.9       27.7664     81.3984     57.9        65.7        81.3984     27.7664     -68.6       -61.8       -55.0       19.1048     54.8536     90.133      55.0        61.8        68.6        90.133      54.8536     19.1048     1.09412     eq25        7.98552     -61.78136   3.92551     -7.98553    61.78137    3.9255
15X15       2.0         0.5         0.1         487.26      -71.8       208.434     71.8        208.434     -75.0       -68.7       79.416      330.36      68.7        75.0        330.36      79.416      -77.2       -71.8       -66.5       40.7628     208.434     369.43      66.5        71.8        77.2        369.43      208.434     40.7628     1.32194     eq25        46.45661    -71.84667   3.10989     -46.45664   71.84668    3.10989
15X15       5.5         0.5         0.1         474.31      -74.3       203.086     74.3        203.086     -77.7       -70.9       85.6024     319.796     70.9        77.7        319.796     85.6024     -80.2       -74.3       -68.4       47.8166     203.086     357.588     68.4        74.3        80.2        357.588     203.086     47.8166     1.90798     eq25        40.05827    -74.29516   3.3828      -40.05831   74.29516    3.38279
15X15       10.0        0.5         0.1         365.14      -78.0       158.57      78.0        158.57      -81.5       -74.4       73.674      243.222     74.4        81.5        243.222     73.674      -84.1       -78.0       -71.9       46.7424     158.57      269.442     71.9        78.0        84.1        269.442     158.57      46.7424     2.2212      eq25        27.79821    -77.96477   3.52801     -27.79823   77.96478    3.52801
15X15       15.0        0.5         0.1         270.34      -82.0       119.99      82.0        119.99      -85.7       -78.4       59.4622     178.094     78.4        85.7        178.094     59.4622     -88.4       -82.0       -75.7       40.818      119.99      196.984     75.7        82.0        88.4        196.984     119.99      40.818      2.1971      eq25        18.84809    -82.02381   3.65716     -18.84808   82.0238     3.65716
15X15       20.0        0.5         0.1         199.97      -86.1       89.2298     86.1        89.2298     -89.9       -82.3       46.5108     131.26      82.3        89.9        131.26      46.5108     -92.6       -86.1       -79.5       33.594      89.2298     144.91      79.5        86.1        92.6        144.91      89.2298     33.594      1.4127      lt25        12.93137    -86.06683   3.79992     -12.93139   86.06684    3.79991
15X15       25.0        0.5         0.1         149.47      -90.1       67.8312     90.1        67.8312     -94.0       -86.2       36.466      97.8576     86.2        94.0        97.8576     36.466      -96.9       -90.1       -83.4       26.9064     67.8312     107.296     83.4        90.1        96.9        107.296     67.8312     26.9064     1.65254     eq25        9.12373     -90.13981   3.89458     -9.12373    90.13981    3.89458
15X15       28.5        0.5         0.1         121.38      -92.9       55.075      92.9        55.075      -96.9       -89.0       30.169      79.282      89.0        96.9        79.282      30.169      -99.8       -92.9       -86.1       22.836      55.075      87.1326     86.1        92.9        99.8        87.1326     55.075      22.836      1.40694     eq25        7.19421     -92.93726   3.94919     -7.1942     92.93726    3.9492
20X20       2.0         0.5         0.1         483.99      -96.0       185.68      96.0        185.68      -99.1       -92.9       75.8744     295.666     92.9        99.1        295.666     75.8744     -101.3      -96.0       -90.6       41.1038     185.68      331.928     90.6        96.0        101.3       331.928     185.68      41.1038     1.5279      eq25        41.15994    -95.97449   3.10224     -41.15991   95.97449    3.10224
20X20       5.5         0.5         0.1         480.99      -99.4       187.504     99.4        187.504     -102.7      -96.0       84.2308     292.59      96.0        102.7       292.59      84.2308     -105.2      -99.4       -93.6       49.5606     187.504     325.14      93.6        99.4        105.2       325.14      187.504     49.5606     2.20344     eq25        36.08229    -99.39006   3.35448     -36.08229   99.39006    3.35448
20X20       10.0        0.5         0.1         373.43      -104.3      148.394     104.3       148.394     -107.8      -100.8      72.2128     222.932     100.8       107.8       222.932     72.2128     -110.4      -104.3      -98.2       48.1952     148.394     247.23      98.2        104.3       110.4       247.23      148.394     48.1952     2.48214     eq25        24.96846    -104.30391  3.50928     -24.9685    104.30392   3.50927
20X20       15.0        0.5         0.1         280.02      -109.7      113.368     109.7       113.368     -113.4      -106.1      59.0596     165.578     106.1       113.4       165.578     59.0596     -116.1      -109.7      -103.4      42.2914     113.368     182.882     103.4       109.7       116.1       182.882     113.368     42.2914     2.44432     eq25        16.91526    -109.71559  -3.66134    -16.91524   109.71559   -3.66135
20X20       20.0        0.5         0.1         208.82      -115.2      85.0358     115.2       85.0358     -119.0      -111.4      46.558      122.504     111.4       119.0       122.504     46.558      -121.8      -115.2      -108.6      34.9974     85.0358     134.794     108.6       115.2       121.8       134.794     85.0358     34.9974     2.16896     eq25        11.56216    -115.18053  -3.80769    -11.56216   115.18053   -3.80769
20X20       25.0        0.5         0.1         156.45      -120.6      64.4852     120.6       64.4852     -124.5      -116.7      36.943      91.3276     116.7       124.5       91.3276     36.943      -127.4      -120.6      -113.8      28.2792     64.4852     100.0858    113.8       120.6       127.4       100.0858    64.4852     28.2792     1.8282      eq25        8.08133     -120.61102  -3.93015    -8.0813     120.61101   -3.93018
20X20       28.5        0.5         0.1         128.23      -124.2      53.0238     124.2       53.0238     -128.2      -120.2      30.6466     74.6424     120.2       128.2       74.6424     30.6466     -131.2      -124.2      -117.3      23.706      53.0238     81.5156     117.3       124.2       131.2       81.5156     53.0238     23.706      1.6183      lt25        6.37872     -124.22926  4.01572     -6.37872    124.22926   4.01572
24X24       2.0         /
24X24       5.5         0.5         0.1         486.64      -120.3      176.616     120.3       176.616     -123.6      -116.9      81.3322     271.84      116.9       123.6       271.84      81.3322     -126.1      -120.3      -114.5      49.35       176.616     302.17      114.5       120.3       126.1       302.17      176.616     49.35       2.35132     eq25        33.05921    -120.29786  -3.35061    -33.05916   120.29785   -3.35062
24X24       10.0        0.5         0.1         379.93      -126.2      140.226     126.2       140.226     -129.7      -122.7      70.4848     208.888     122.7       129.7       208.888     70.4848     -132.3      -126.2      -120.2      48.1796     140.226     230.242     120.2       126.2       132.3       230.242     140.226     48.1796     2.62588     eq25        22.98234    -126.21815  -3.48343    -22.98235   126.21815   -3.48343
24X24       15.0        0.5         0.1         286.98      -132.8      107.02      132.8       107.02      -136.5      -129.1      57.521      155.888     129.1       136.5       155.888     57.521      -139.1      -132.8      -126.4      42.7432     107.02      171.296     126.4       132.8       139.1       171.296     107.02      42.7432     2.54646     eq25        15.46327    -132.7891   3.66737     -15.46326   132.7891    3.66738
24X24       20.0        0.5         0.1         214.97      -139.4      81.557      139.4       81.557      -143.2      -135.6      46.3198     115.768     135.6       143.2       115.768     46.3198     -146.0      -139.4      -132.8      35.31       81.557      126.734     132.8       139.4       146.0       126.734     81.557      35.31       2.5045      lt25        10.58347    -139.4324   3.81348     -10.5835    139.4324    3.81346
24X24       25.0        0.5         0.1         161.62      -146.0      61.664      146.0       61.664      -149.9      -142.1      36.398      86.2404     142.1       149.9       86.2404     36.398      -152.8      -146.0      -139.2      28.4272     61.664      94.2228     139.2       146.0       152.8       94.2228     61.664      28.4272     1.8943      eq25        7.42626     -146.02649  3.91761     -7.42627    146.02649   3.9176
24X24       28.5        0.5         0.1         132.53      -150.3      50.7788     150.3       50.7788     -154.4      -146.3      30.0372     70.5678     146.3       154.4       70.5678     30.0372     -157.3      -150.3      -143.3      23.7916     50.7788     76.9466     143.3       150.3       157.3       76.9466     50.7788     23.7916     1.64126     eq25        5.80708     -150.32681  4.04812     -5.80707    150.32681   4.04814
