FS          d_cm        ini_bin     bin         D(0)        p1d1sx      D(p1d1sx)   p1d1dx      D(p1d1dx)   p1d2sx      p2d2sx      D(p1d2sx)   D(p2d2sx)   p1d2dx      p2d2dx      D(p1d2dx)   D(p2d2dx)   p1d3sx      p2d3sx      p3d3sx      D(p1d3sx)   D(p2d3sx)   D(p3d3sx)   p1d3dx      p2d3dx      p3d3dx      D(p1d3dx)   D(p2d3dx)   D(p3d3dx)   D(IP-25)    off25       chissx      chisdx      params
4X4         2.0         0.5         0.001       426.97      -20.026     208.33528   20.026      208.33528   -23.0365    -17.0115    72.44761    347.08783   17.0115     23.0365     347.08783   72.44761    -25.176     -20.158     0.0         29.92554    201.50824   426.97      -0.001      20.158      25.176      426.9697    201.50824   29.92554    0.36502     eq25        0.05045     -21.86581   0.96341     13.23296    30.42829    -0.05106    21.86578    0.96339     12.91793    31.17032    38103911.49248          -38122691.90985
4X4         5.5         0.5         0.001       376.59      -20.748     186.6704    20.748      186.6704    -23.9495    -17.5445    68.88409    306.59599   17.5445     23.9495     306.59599   68.88409    -26.499     -26.5       0.0         29.46954    29.461      376.59      -0.001      20.87       26.233      376.59      181.461     31.74118    0.46967     lt25        0.05323     -22.6318    0.90833     15.00163    23.27301    -0.05449    22.63181    0.90834     14.31239    24.39377    10826849.82029          -10840949.64152
4X4         10.0        0.5         0.001       276.25      -21.777     138.40592   21.777      138.40592   -25.0875    -18.4635    54.01168    224.78342   18.4635     25.0875     224.78342   54.01167    -32.172     -22.147     0.0         14.65022    127.53764   276.25      -0.001      21.914      27.444      276.24914   134.42744   27.28159    0.65949     eq25        0.05951     -23.76979   0.94073     18.20155    13.78855    -0.05218    23.76957    0.94059     23.67046    10.60274    216351068.9111          -216331567.01052
4X4         15.0        0.5         0.001       209.64      -21.074     145.0822    22.978      105.50036   -13.5885    -13.5925    202.57309   202.56645   19.5105     26.4405     170.70586   42.30737    -31.418     -13.593     -13.592     15.8606     202.56562   202.56728   -13.588     23.151      29.504      202.57392   101.92786   20.53158    0.73375     eq25        1.18172     -29.89526   -16735.80843            -1727.39016 155.90229   -0.03246    25.16883    1.01818     93.18676    2.02511     105407.68687            2.4690274206375425e+27
4X4         20.0        0.5         0.001       149.87      -24.129     75.83618    24.129      75.83618    -27.7015    -20.5515    31.15619    121.62693   20.5515     27.7015     121.62693   31.15619    -29.597     -24.557     0.0         19.30965    69.62259    149.87      -0.001      27.091      27.092      149.87      37.06761    37.05737    0.55506     lt25        0.09607     -26.4101    1.03369     16.13139    8.28579     -0.08672    26.41001    1.03363     19.7978     6.75129     4162595.63342           -4168422.86995
4X4         25.0        0.5         0.001       108.45      -25.28      54.77156    25.28       54.77156    -28.9475    -21.6045    22.94284    87.66906    21.6045     28.9475     87.66906    22.94284    -34.672     -25.506     0.0         9.24645     52.45552    108.45      -0.001      25.506      31.523      108.45      52.45552    13.17707    0.46967     eq25        0.11266     -27.7309    1.11742     18.11611    5.28928     -0.10451    27.73087    1.11741     21.05119    4.55181     11305219.57177          -11317467.94382
4X4         28.5        0.5         0.001       87.956      -26.026     44.60996    26.026      44.60996    -29.7585    -22.2855    18.74345    70.93891    22.2855     29.7585     70.93891    18.74345    -29.026     -29.025     0.0         22.49583    22.50095    87.956      -0.001      30.871      30.872      87.956      14.53066    14.52725    0.42697     eq25        0.15865     -28.49472   1.0978      11.59429    6.66774     -0.11373    28.4948     1.09785     22.56412    3.42616     219405622.46011         -219548447.5505
7X7         2.0         0.5         0.001       437.22      -32.089     205.84042   32.089      205.84042   -35.1365    -29.0345    74.24124    341.75042   29.0345     35.1365     341.75042   74.24124    -37.272     -32.285     -26.681     33.48374    195.9973    389.72194   26.681      32.285      37.272      389.72194   195.9973    33.48374    0.60977     eq25        0.02404     -34.14803   1.13953     67.44476    5.85825     -0.04061    34.14793    1.13945     23.64041    16.71317    1176.99917  -1176.58421
7X7         5.5         0.5         0.001       391.75      -33.288     186.2232    33.288      186.2232    -36.5335    -30.0325    71.81734    304.24205   30.0325     36.5335     304.24205   71.81734    -38.797     -33.52      -27.505     37.19003    176.688     346.6675    27.505      31.957      31.956      346.6675    239.89766   239.93528   0.91816     eq25        0.05304     -35.54039   1.19756     18.69345    18.38231    -0.04161    35.5404     1.19756     30.37837    11.31157    908.10554   -548.86007
7X7         10.0        0.5         0.001       292.06      -34.937     140.85692   34.937      140.85692   -38.3015    -31.5605    58.82488    225.80922   31.5605     38.3015     225.80922   58.82488    -40.64      -36.513     -28.926     33.80556    97.18171    256.66288   28.926      35.194      40.64       256.66288   133.44116   33.80556    1.1368      lt25        0.06834     -37.31019   1.23505     17.11928    14.49617    -0.04934    37.3102     1.23506     32.84229    7.55622     642.7599    -642.86612
7X7         15.0        0.5         0.001       225.17      -42.346     31.41319    36.803      109.94306   -50.0685    -50.0705    17.42913    17.42738    33.2345     40.3585     174.43336   48.07724    -57.25      -50.071     -50.069     13.3355     17.42695    17.42869    -50.068     37.072      43.402      17.42957    104.3615    27.0128     1.0931      lt25        1.92359     -27.53708   29345.83112 -2585.86369 213.6003    -0.07647    39.30309    1.22747     20.13409    9.30849     479502351.34427         8.298861417444719e+25
7X7         20.0        0.5         0.001       162.65      -44.403     24.38631    38.623      80.36873    -57.9545    -57.9605    11.84477    11.83952    34.9715     42.2815     125.72909   36.25959    -63.25      -57.961     -57.955     10.056      11.83909    11.84433    -57.954     38.914      44.82       11.8452     76.0433     23.20732    1.0056      lt25        2.34666     -28.43492   34678.49509 -3259.96499 144.01203   -0.08879    41.2292     1.25905     22.63706    5.88715     12980094515953.41       1.0718820980132798e+20
7X7         25.0        0.5         0.001       118.05      -40.493     58.22346    40.493      58.22346    -44.2535    -36.7135    27.08914    90.94638    36.7135     44.2535     90.94638    27.08914    -52.189     -40.826     -33.728     12.51381    55.01453    103.02264   32.035      40.826      46.604      106.1791    55.01453    18.18121    0.87444     lt25        0.1012      -43.23927   1.3242      26.68437    3.57445     -0.08917    43.23929    1.32421     34.3679     2.77533     12914.8106  -508.06534
7X7         28.5        0.5         0.001       96.188      -43.282     35.62813    41.703      47.80839    -61.7495    -31.1555    8.3072      88.318      37.8345     45.5525     74.32121    22.50547    -61.75      -61.749     -29.178     8.3072      8.3072      89.63       34.762      42.061      48.198      83.92502    44.99093    14.9565     0.83072     lt25        2.17966     -31.15543   47331.16242 -6568.07972 42.75767    -0.09162    44.54566    1.35572     42.84064    1.80307     90461.04554 -476.335
10X10       2.0         0.5         0.001       447.29      -47.945     198.9681    47.945      198.9681    -51.0125    -44.8675    73.94808    327.9629    44.8675     51.0125     327.9629    73.94808    -55.541     -48.189     42.009      23.59604    187.39762   380.10334   42.01       48.189      53.139      380.0926    187.39762   36.45305    0.76039     lt25        0.05204     -50.12776   1.25675     16.35933    23.02195    -0.04801    50.12772    1.25672     19.22519    19.5901     -1.2013743832208934e+27 -1637.69925
10X10       5.5         0.5         0.001       403.46      -49.778     181.19256   49.778      181.19256   -53.0565    -46.4835    73.53457    293.36864   46.4835     53.0565     293.36864   73.53457    -55.316     -50.068     -43.881     41.5727     170.03472   334.29386   43.881      50.069      59.672      334.29386   169.99626   26.08246    1.31699     eq25        0.0579      -52.1729    1.32543     18.08451    18.07372    -0.05331    52.17292    1.32545     21.33397    15.32086    1184.39655  -12912.17373
10X10       10.0        0.5         0.001       307.74      -52.263     140.10108   52.263      140.10108   -55.6735    -48.8305    62.21841    222.0515    48.8305     55.6735     222.0515    62.21841    -58.548     -52.609     -46.077     36.50626    130.81444   252.16868   46.077      52.609      58.004      252.16868   130.81444   39.34053    1.54199     eq25        0.06113     -54.83378   1.41742     25.29964    9.43029     -0.06651    54.8337     1.41735     21.37263    11.16294    834.20776   -771.51386
10X10       15.0        0.5         0.001       240.19      -55.143     110.47446   55.143      110.47446   -58.7425    -51.5145    51.96601    172.45541   51.5145     58.7425     172.45541   51.966      -63.075     -55.701     -48.567     29.8339     99.81472    195.55088   48.567      55.551      62.971      195.55088   102.76642   30.04584    1.6102      eq25        0.06341     -57.91532   1.48932     36.06155    4.99467     -0.06304    57.91533    1.48932     36.4861     4.93656     1363.74351  -1280.1675
10X10       20.0        0.5         0.001       174.89      -57.854     81.57703    57.854      81.57703    -61.5665    -54.1115    40.22713    125.58319   54.1105     61.5665     125.59213   40.22713    -66.615     -58.266     48.248      23.60319    76.04828    148.2768    48.249      60.493      68.773      148.2759    49.72415    21.67294    1.4313      eq25        0.09504     -60.70905   1.48425     24.02715    5.31495     -0.07716    60.70893    1.48415     36.44789    3.50371     -4.518192043947352e+26  -12789.64895
10X10       25.0        0.5         0.001       129.27      -86.865     11.63       60.599      60.75184    -86.8655    -48.1845    11.63       111.65764   56.7165     64.4455     92.32183    30.70845    -86.866     -86.865     -44.572     11.63       11.63       114.4452    53.534      69.913      69.912      104.5782    18.41678    18.41767    1.0288      lt25        2.65318     -48.18428   42390.96355 -7478.943   59.53329    -0.06391    63.59846    1.53521     80.74187    1.14756     151164.6198 -2206.33577
10X10       28.5        0.5         0.001       105.11      -72.694     15.03456    62.432      49.24161    -92.8665    -49.6405    9.3931      90.67439    58.4925     66.3335     74.73055    25.34559    -53.172     -53.173     -45.879     87.51523    87.51434    93.036      55.245      62.909      73.134      84.54694    45.82738    14.761      0.89458     lt25        2.96524     -49.64091   46827.3678  -8539.75884 48.3937     -0.08757    65.49641    1.56259     55.75938    1.33712     1944.28893  -6405.04323
15X15       2.0         0.5         0.001       456.09      -81.201     23.34997    80.58       24.48308    -100.4855   -100.4935   11.402      11.402      94.4225     94.4135     13.29768    13.30589    -107.75     -100.494    94.413      9.5779      11.402      13.30634    94.414      94.423      103.249     13.30543    13.29722    10.49       1.0034      eq25        1.26559     -59.87307   20546.06854 -4926.95289 143.78066   -1.34455    60.34258    20675.89599 -3929.9     182.44403   -1.539480127358143e+68  -17773223820.69917
15X15       5.5         0.5         0.001       416.41      -74.775     170.1685    82.857      34.14225    -78.0555    -71.4725    73.27984    271.97225   101.2565    101.2485    16.419      16.419      -80.297     -75.108     101.248     44.62495    158.62672   16.419      101.249     101.257     108.711     16.419      16.419      13.683      1.3227      lt25        0.05281     -77.24882   1.41872     25.22822    11.76725    -1.41875    61.74065    22994.53773 -4787.18586 148.36917   1.3679976143606122e+71  -45953.92622
15X15       10.0        0.5         0.001       322.46      -78.491     133.40158   78.491      133.40158   -81.9195    -75.0325    63.20298    207.89635   75.0325     81.9195     207.89635   63.20298    -84.237     -78.891     -72.204     42.94366    123.54576   235.59208   72.204      82.403      82.404      235.59208   57.24923    57.23737    2.0068      eq25        0.05507     -81.15672   1.52393     36.68178    5.91077     -0.06129    81.15674    1.52395     29.61745    7.32064     889.63164   -752.08853
15X15       15.0        0.5         0.001       256.78      -82.773     108.37618   82.773      108.37618   -86.4425    -79.0675    54.85196    165.21945   79.0675     86.4425     165.21945   54.85195    -88.917     -83.218     -76.017     39.60248    100.6638    186.46248   76.017      83.218      94.32       186.46248   100.6638    30.26616    2.098       eq25        0.05978     -85.6501    1.55524     47.53719    3.4797      -0.06343    85.65014    1.55527     42.22708    3.91735     769.46309   -25655.73959
15X15       20.0        0.5         0.001       189.73      -86.901     80.98994    86.901      80.98994    -90.6865    -83.0675    43.05001    121.28725   83.0675     90.6865     121.28725   43.05001    -91.943     -91.942     -79.853     36.69505    36.6987     136.77278   79.854      86.25       86.249      136.77004   88.7095     88.72136    1.87        eq25        0.06223     -89.93307   1.64281     68.57954    1.71843     -0.07516    89.93301    1.64277     47.01323    2.50669     697.16675   -465.12145
15X15       25.0        0.5         0.001       140.93      -90.994     60.70926    90.994      60.70926    -94.9105    -87.0255    33.32792    89.71041    87.0255     94.9105     89.71041    33.32792    -100.88     -100.881    -83.684     22.00144    22.00053    100.91512   83.684      95.451      95.452      100.91512   31.19275    31.1891     1.55125     eq25        0.07592     -94.14439   1.6624      68.93822    1.23501     -0.06279    94.14436    1.66237     100.77629   0.84484     3767.52115  -671.20792
15X15       28.5        0.5         0.001       114.93      -112.027    15.48238    93.713      50.17821    -97.8165    -77.9335    27.57877    89.85       89.6985     97.6815     73.43744    28.07152    -97.817     -97.816     83.689      27.57695    27.5806     85.57263    83.69       96.718      96.719      85.57172    31.84392    31.83936    1.1858      lt25        3.0508      -77.93311   49078.36314 -13758.95171            42.10781    -0.07253    96.8695     1.61304     94.11508    0.72675     -1.542879156015877e+70  -912.94076
20X20       2.0         0.5         0.001       460.1       -96.287     171.11032   105.17      25.9132     -99.3405    -93.2235    70.6974     275.61702   132.4675    132.4595    11.502      11.502      -101.465    -96.517     132.459     39.39787    162.23842   11.502      132.46      132.468     137.749     11.502      11.502      10.582      1.0122      lt25        0.02707     -98.43221   1.22549     72.81887    4.18176     -1.43904    81.67997    21648.86185 -5690.96143 111.60075   4.348852046618562e+137  -29237.0728
20X20       5.5         0.5         0.001       436.17      -99.973     163.2894    149.999     11.963      -103.2725   -96.6565    73.41121    257.56533   60.8695     149.9985    366.48012   11.963      -105.542    -100.276    0.0         46.69816    153.7812    436.17      -0.001      77.24       77.239      436.17      337.7284    337.73024   2.0244      eq25        0.05709     -102.40444  1.34974     22.78753    12.02245    -3.33497    60.86909    23680.36039 -6717.06372 334.77228   1.5290722437707376e+132 -1316647.55243
20X20       10.0        0.5         0.001       340.01      -104.92     129.29      149.499     15.183      -108.3695   -101.4445   64.37516    198.09484   67.1055     122.4045    280.00588   27.69386    -110.719    -105.287    0.0         45.4626     121.11304   340.01      -0.001      94.208      94.209      340.01      237.48728   237.48544   2.26186     eq25        0.06374     -107.54805  1.45232     28.96885    6.89857     -3.70019    67.10558    27945.47109 -7899.87452 272.87328   1.6558186393749293e+117 -4003417.5508
20X20       15.0        0.5         0.001       265.48      -110.655    102.47611   110.655     102.47611   -114.3505   -106.9245   54.7477     153.4446    106.9245    114.3505    153.4446    54.7477     -121.791    -111.089    -101.949    32.85928    95.77056    178.15384   -101.948    111.089     116.848     178.15568   95.77056    41.04836    2.33224     eq25        0.0686      -113.53252  1.52959     40.38075    3.66566     -0.0589     113.53246   1.52953     54.7742     2.70238     16300.37469 -7.359467847780052e+132
20X20       20.0        0.5         0.001       198.3       -116.148    77.50278    116.148     77.50278    -119.9995   -112.2595   43.25222    113.81363   112.2595    119.9995    113.81363   43.25222    -122.593    -115.568    -109.055    33.87588    83.90714    127.2982    108.685     116.619     122.593     128.3194    72.41148    33.87588    2.0704      eq25        0.0659      -119.17221  1.56148     67.69044    1.5602      -0.07297    119.17223   1.5615      55.20289    1.91315     575.78562   -577.01515
20X20       25.0        0.5         0.001       148.15      -121.603    58.59471    121.603     58.59471    -125.5845   -117.5835   34.19604    84.7339     117.5835    125.5845    84.7339     34.19604    -127.142    -127.141    -116.606    29.18472    29.18656    88.40892    -116.607    122.081     127.616     88.40524    55.07568    28.31256    1.7484      eq25        0.10018     -124.71779  1.54708     43.1783     1.76016     -0.05593    124.71783   1.54711     138.5569    0.54852     311.69915   2.5034087115721487e+125
20X20       28.5        0.5         0.001       121.47      -125.257    48.03541    125.257     48.03541    -129.3315   -121.1385   28.22608    69.2979     121.1385    129.3315    69.2979     28.22608    -128.745    -128.744    -121.051    30.38491    30.38859    69.7004     117.73      125.76      132.07      77.0854     45.03428    22.8762     1.5643      lt25        0.08388     -128.474    1.58334     81.21855    0.75745     -0.08072    128.47399   1.58333     87.71379    0.70134     387.63281   -1059.06476
24X24       2.0         0.5         0.001       465.0       -170.0      9.7579      169.999     9.75788     -84.7115    -0.0005     347.66045   464.99998   59.1345     169.9985    392.00018   9.75787     -84.712     -0.001      0.0         347.6596    464.99996   465.0       59.134      59.135      62.124      392.00096   391.9994    387.1092    0.97579     lt25        3.55009     -55.99822   22091.42358 -10375.8324 300.02777   -4.25667    55.5591     22648.46169 -7474.58108 425.23668   37259.15258 -436.13571
24X24       5.5         0.5         0.001       440.35      1.506       439.89      -160.0      16.275      -0.0005     -159.9995   440.35      16.275      2.3155      0.6975      439.89      440.35      0.124       1.467       0.124       440.35      439.92036   440.35      1.467       2.931       21.777      439.92036   439.89      428.00962   42.59455    eq25        1           1           1           1           1           1           1           1           1           1           0           2.83858823707934e+95
24X24       10.0        0.5         0.001       345.03      -138.119    34.29933    138.593     33.85851    -134.7625   -114.3155   39.03675    223.36974   114.0455    157.4185    223.61814   21.00079    -134.763    -118.296    -105.166    39.03582    215.20944   237.30456   107.92      157.42      157.419     233.5052    20.9994     21.00033    2.046       lt25        1.38195     -114.31568  29563.13886 -10486.82346            65.92964    -1.63565    114.0454    29400.0664  -7787.14553 89.82709    340088.72791            -366777.06414
24X24       15.0        0.5         0.001       271.1       -133.746    97.47584    133.746     97.47584    -137.4945   -129.9695   53.52103    143.93559   129.9695    137.4945    143.93559   53.52103    -134.93     -134.929    -126.909    80.9565     80.97045    160.76852   126.909     134.472     140.041     160.76852   87.3456     40.80561    2.418       lt25        0.06857     -136.62057  1.47467     44.17669    3.06169     -0.11007    136.62058   1.47467     17.14387    7.88953     573.27901   -815.67395
24X24       20.0        0.5         0.001       202.74      -140.425    73.30725    140.425     73.30725    -144.2885   -136.5205   42.56517    106.35634   136.5205    144.2875    106.35634   42.57075    -146.883    -140.912    -133.286    33.69762    68.7084     118.7092    133.285     144.881     144.882     118.712     39.61335    39.6087     2.418       lt25        0.0701      -143.47943  1.58865     67.06737    1.43357     -0.07396    143.47918   1.58844     60.2378     1.59611     798.27486   -715.19146
24X24       25.0        /
24X24       28.5        0.5         0.001       124.62      -179.5      14.88       151.474     45.71508    -0.0015     -0.0005     124.62      124.62      147.2885    155.6075    64.95678    27.60007    -121.929    -0.001      0.0         85.095      124.62      124.62      143.614     152.028     162.613     72.43398    42.6498     19.88991    1.488       lt25        8.02933     -102.18757  56087.67003 -22782.93901            180.75803   -0.12565    154.7855    1.64425     42.11748    1.33301     168864.7607 -7936.20372
