FS          d_cm        ini_bin     bin         D(0)        p1d1sx      D(p1d1sx)   p1d1dx      D(p1d1dx)   p1d2sx      p2d2sx      D(p1d2sx)   D(p2d2sx)   p1d2dx      p2d2dx      D(p1d2dx)   D(p2d2dx)   p1d3sx      p2d3sx      p3d3sx      D(p1d3sx)   D(p2d3sx)   D(p3d3sx)   p1d3dx      p2d3dx      p3d3dx      D(p1d3dx)   D(p2d3dx)   D(p3d3dx)   D(IP-25)    off25       chissx      chisdx      params
4X4         2.0         0.5         0.001       407.3       -18.922     245.07216   19.804      200.48168   -24.0605    -13.7505    38.86075    386.57638   16.8515     22.7555     333.00222   70.24832    -24.996     -13.751     -13.75      27.29796    386.57276   386.58      14.636      19.903      24.867      378.25496   195.42476   28.74792    0.35105     eq25        0.39873     -24.06069   -7036.62546 -923.19491  319.55257   -0.05127    21.4806     0.8623      12.12236    31.76335    54003.25931 -1482.7229
4X4         5.5         0.5         0.001       325.41      -20.59      162.3824    20.59       162.3824    -23.6385    -17.5395    61.03122    265.22381   17.5395     23.6385     265.22381   61.03122    -26.889     -20.7       -15.247     22.50086    158.132     300.68652   15.247      20.7        25.816      300.68652   158.132     28.98441    0.50009     eq25        0.05258     -22.357     0.88822     16.03143    18.71231    -0.03973    22.35684    0.88812     28.07731    10.6842     1446.84176  -1338.14087
4X4         10.0        0.5         0.001       240.53      -21.57      121.5088    21.57       121.5088    -24.7315    -18.4075    48.38209    197.02715   18.4075     24.7315     197.02715   48.38209    -19.35      -19.351     -16.042     178.82      178.8       221.83136   16.042      21.663      26.999      221.83136   119.07592   25.21384    0.58803     eq25        0.05853     -23.30256   0.81893     18.42423    11.80309    -0.04226    23.30259    0.81895     35.34073    6.15333     582.16605   -1341.9941
4X4         15.0        0.5         0.001       196.26      -22.86      100.27864   22.86       100.27864   -26.2645    -19.4545    40.71448    161.38598   19.4545     26.2645     161.38598   40.71448    -32.335     -32.336     -16.902     13.78326    13.78202    181.39552   16.902      22.969      28.703      181.39552   98.04676    22.12782    0.64311     eq25        0.07856     -24.76795   0.84531     14.86084    11.85923    -0.07252    24.76793    0.8453      17.43903    10.10589    2974.46761  -792.08678
4X4         20.0        0.5         0.001       140.52      -24.08      71.17112    24.08       71.17112    -27.5585    -20.5955    29.17755    113.63656   20.5955     27.5585     113.63656   29.17755    -27.239     -27.238     0.0         32.06201    32.07142    140.52      -0.001      28.063      28.064      140.51998   25.52341    25.51674    0.55656     eq25        0.09278     -26.35055   1.07286     18.03827    6.89347     -0.09614    26.35052    1.07284     16.79861    7.40214     29355090.77953          -29401418.50474
4X4         25.0        0.5         0.001       101.09      -22.821     73.18104    25.144      51.81532    -13.3875    -13.3905    98.40812    98.40641    21.5265     28.7585     82.61122    21.76973    -33.375     -13.391     -13.39      9.6615      98.40613    98.4067     -13.387     33.173      33.172      98.40841    9.853       9.85394     0.48623     eq25        2.16952     -31.88845   -42597.21158            -2706.90891 116.33695   -0.10196    27.20705    0.86838     19.9944     4.44562     52040.40447 3.614548100465097e+41
4X4         28.5        0.5         0.001       81.875      -25.873     42.1417     25.873      42.1417     -29.5255    -22.2165    17.86042    66.37529    22.2165     29.5255     66.37529    17.86042    -38.36      -26.019     -19.458     6.09281     40.99482    75.24925    19.459      26.02       32.128      75.24775    40.98692    10.48056    0.36112     lt25        0.11308     -28.05328   0.92856     21.37779    3.34639     -0.11499    28.05328    0.92855     20.67142    3.46074     6285.03438  -264.62557
7X7         2.0         0.5         0.001       416.58      -32.035     197.2618    32.035      197.2618    -35.0235    -29.0395    70.48936    327.60089   29.0395     35.0235     327.60089   70.48936    -32.518     -32.517     -26.743     173.83636   173.88434   372.85794   26.743      32.212      37.125      372.85794   188.67376   31.82825    0.57232     eq25        0.04892     -34.01327   1.09926     16.01872    23.57265    -0.03357    34.01325    1.09924     34.0306     11.096      1025.50209  -1833.25792
7X7         5.5         0.5         0.001       342.79      -33.338     163.06824   33.338      163.06824   -36.4445    -30.2215    64.20341    265.73188   30.2215     36.4445     265.73188   64.20341    -38.604     -33.574     -27.792     34.19094    154.22684   302.35984   27.792      33.574      38.56       302.35984   154.22684   34.51716    0.83177     eq25        0.05443     -35.52497   1.2306      19.05115    15.68362    -0.06256    35.52499    1.23061     14.42267    20.71677    1438.82216  -1437.7411
7X7         10.0        0.5         0.001       256.96      -34.987     124.15008   34.987      124.15008   -38.2215    -31.7405    52.46169    198.58226   31.7405     38.2215     198.58226   52.46169    -45.253     -35.25      -29.195     19.18779    117.275     225.4217    29.195      35.25       40.463      225.4217    117.275     30.94826    1.01358     eq25        0.06331     -37.30073   1.26917     21.48958    10.09723    -0.07091    37.3007     1.26915     17.13208    12.6654     18762.26324 -686.6971
7X7         15.0        0.5         0.001       212.97      -36.926     104.09556   36.926      104.09556   -40.4255    -33.4155    45.75489    164.96217   33.4155     40.4255     164.96217   45.75489    -43.254     -37.185     -30.684     26.88914    99.04765    186.3216    30.684      37.185      42.861      186.3216    99.04765    28.38149    1.086       eq25        0.07915     -39.37405   1.21582     19.23649    9.15629     -0.07548    39.37415    1.21589     21.15372    8.32642     650.51246   -645.72422
7X7         20.0        0.5         0.001       152.71      -38.765     75.349      38.765      75.349      -42.3675    -35.1465    34.24411    118.25736   35.1465     42.3675     118.25736   34.24411    -46.977     -38.874     -32.304     18.0081     73.8666     133.66584   32.304      39.621      39.622      133.66584   64.09898    64.08623    0.9638      eq25        0.08656     -41.35893   1.28648     25.06831    4.97457     -0.09037    41.35893    1.28649     23.00052    5.42179     847.41827   -243.81645
7X7         25.0        0.5         0.001       110.82      -40.655     54.80514    40.655      54.80514    -44.3235    -36.9655    25.55628    85.05427    36.9655     44.3235     85.05427    25.55628    -49.45      -49.451     -34.03      13.6244     13.62357    96.6153     34.03       41.003      46.842      96.6153     51.46003    16.94846    0.81892     lt25        0.05929     -43.37783   1.37027     81.20911    1.09719     -0.06718    43.37783    1.37027     63.25781    1.40855     891.53691   -310.02071
7X7         28.5        0.5         0.001       89.903      -41.84      44.90088    41.84       44.90088    -45.6075    -38.0525    20.98002    69.64895    38.0525     45.6075     69.64895    20.98002    -49.894     -49.895     -35.038     12.13591    12.13496    78.47418    35.038      42.197      48.193      78.47418    42.19201    14.15089    0.72276     lt25        0.07093     -44.63557   1.36962     73.75964    0.97966     -0.09007    44.63559    1.36964     45.73836    1.57984     424.06589   -294.20825
10X10       2.0         0.5         0.001       424.81      -56.948     18.86643    47.916      188.9036    -76.7485    -35.0795    7.65311     390.32577   44.8555     50.9635     312.27086   69.8763     -76.749     -76.748     43.382      7.65296     7.65327     345.29384   43.381      48.179      53.068      345.30972   177.07438   34.5221     0.66149     eq25        1.68952     -35.0795    21318.74843 -2728.26101 296.58847   -0.05576    50.12877    1.30801     15.16219    23.72351    -2.5299079468468673e+29 -1060.09049
10X10       5.5         0.5         0.001       354.55      -49.859     158.14886   49.859      158.14886   -53.0275    -46.6665    64.5619     255.97025   46.6665     53.0275     255.97025   64.5619     -55.181     -50.204     -44.082     37.89183    146.2928    292.56084   44.082      50.204      55.181      292.56084   146.2928    37.89183    1.1917      eq25        0.05693     -52.28542   1.47001     21.62656    13.20968    -0.05674    52.28536    1.46995     21.77005    13.12242    1413.01714  -1411.91059
10X10       10.0        0.5         0.001       271.45      -52.323     122.9611    52.323      122.9611    -55.6315    -48.9865    55.21585    194.95466   48.9865     55.6315     194.95466   55.21585    -58.885     -52.699     -46.269     31.83143    113.95166   221.28132   46.268      52.878      57.874      221.28704   109.71652   35.88916    1.39466     eq25        0.07134     -54.8803    1.50178     20.89823    9.99583     -0.06301    54.88029    1.50177     26.78948    7.79765     1068.88636  -985.70791
10X10       15.0        0.5         0.001       225.01      -55.44      103.61      55.44       103.61      -59.0455    -51.7965    48.91565    161.67408   51.7965     59.0455     161.67408   48.91565    -61.474     -55.883     -48.791     33.6185     95.66587    183.52034   48.791      55.883      64.575      183.52034   95.66587    26.5646     1.55289     eq25        0.07848     -58.27562   1.56711     26.21853    6.45126     -0.07434    58.27561    1.56709     29.22009    5.78861     666.5915    -3109.22367
10X10       20.0        0.5         0.001       162.89      -58.174     75.88066    58.174      75.88066    -61.8615    -54.4435    37.61369    116.66296   54.4435     61.8615     116.66296   37.61369    -69.246     -58.651     -51.338     20.22523    69.97448    132.07952   51.338      58.651      64.296      132.07952   69.97448    26.96607    1.0052      lt25        0.0878      -61.10592   1.6113      31.85918    3.73402     -0.05979    61.10592    1.6113      68.70013    1.73162     12531.96343 -551.69185
10X10       25.0        0.5         0.001       119.72      -60.896     56.31673    60.896      56.31673    -64.7165    -57.0295    28.72468    85.70609    57.0305     64.7165     85.70047    28.72468    -67.276     -61.395     -52.885     20.99678    52.00541    98.53646    -52.884     61.395      67.276      98.53806    52.00541    20.99678    0.90742     lt25        0.05942     -63.93968   1.61962     103.95975   0.82555     -0.0786     63.93976    1.61969     59.41231    1.44453     450.75047   -1.8426027485261005e+23
10X10       28.5        0.5         0.001       97.136      -62.713     45.64824    62.713      45.64824    -66.5735    -58.8025    23.74461    69.28955    58.8025     66.5735     69.28955    23.74461    -69.152     -63.235     -55.519     17.51395    42.0717     78.31693    55.519      63.235      69.152      78.31693    42.0717     17.51395    0.81847     lt25        0.04241     -65.81132   1.65135     263.90413   0.26098     -0.04298    65.81128    1.65133     256.91403   0.26808     299.04684   -298.96964
15X15       2.0         0.5         0.001       433.32      -85.344     17.77148    85.573      17.57864    -110.2495   -56.0195    8.7775      366.35217   101.5925    101.5865    10.62861    10.62974    -110.25     -110.249    101.586     8.7774      8.7776      10.62983    101.587     101.593     115.75      10.62964    10.62852    7.85995     0.87589     eq25        2.43734     -56.01985   21339.05923 -2352.79525 345.18927   -1.92478    56.73713    21175.64045 -3711.42614 211.99412   -2.8403941620916083e+31 -19378877.503
15X15       5.5         0.5         0.001       364.39      -74.967     148.22498   93.555      19.03488    -78.1745    -71.7335    64.78201    236.99157   115.3875    115.3715    10.59       10.59256    -80.351     -75.324     115.371     40.68202    137.35688   10.59264    115.372     115.388     119.197     10.59248    10.58992    9.62059     1.556       eq25        0.05866     -77.43512   1.4866      23.38025    11.00994    -2.29032    56.98715    24139.17493 -4622.98482 198.72691   8.082789093812983e+74   -197244148.88812
15X15       10.0        0.5         0.001       283.39      -78.705     116.3848    78.705      116.3848    -82.0595    -75.3095    55.99151    181.15031   75.3095     82.0595     181.15031   55.99151    -85.078     -85.079     -72.465     36.15472    36.15168    205.9924    72.465      79.153      84.302      205.9924    106.8369    38.98408    1.78574     eq25        0.05549     -81.38937   1.63908     42.19043    4.47363     -0.06901    81.38925    1.63896     27.2746     6.92011     808.36064   -769.97587
15X15       15.0        0.5         0.001       242.91      -83.476     101.75408   83.476      101.75408   -87.1295    -79.7695    51.98972    155.32656   79.7695     87.1295     155.32656   51.98972    -89.554     -84.0       -76.618     38.2019     93.233      175.98744   76.618      89.996      89.995      175.98744   36.8096     36.81275    2.00688     eq25        0.05811     -86.44291   1.70642     57.02687    2.73908     -0.07259    86.4429     1.70641     36.54237    4.27453     709.41919   -733.05233
15X15       20.0        0.5         0.001       179.42      -87.601     76.02843    87.601      76.02843    -91.3685    -83.7685    40.80758    114.10475   83.7685     91.3685     114.10475   40.80758    -93.847     -88.175     -80.459     31.29583    69.5338     128.80676   80.459      88.175      93.854      128.80676   69.5338     31.2785     1.78659     eq25        0.06836     -90.69939   1.76867     63.70784    1.74042     -0.08061    90.69939    1.76867     45.81318    2.42022     648.90775   -649.30971
15X15       25.0        0.5         0.001       132.62      -91.679     56.95281    91.679      56.95281    -95.5715    -87.7245    31.75571    84.28646    87.7245     95.5715     84.28646    31.7557     -95.148     -95.147     -84.333     33.59065    33.59502    94.65961    84.333      92.257      98.146      94.65961    52.45186    24.82299    1.49981     eq25        0.06467     -94.86331   1.74214     104.51765   0.76069     -0.05853    94.86331    1.74214     127.60874   0.62304     391.82316   -471.02565
15X15       28.5        0.5         0.001       108.28      -94.411     46.50114    94.411      46.50114    -98.3955    -90.3535    26.26034    68.60905    90.3545     98.3955     68.60535    26.26034    -101.913    -101.914    -86.827     19.72574    19.72472    77.10743    86.827      98.213      98.214      77.10743    26.85821    26.85494    1.29019     eq25        0.04156     -97.70422   1.79553     337.00335   0.19062     -0.08401    97.70414    1.79545     82.46323    0.77899     439.77941   -312.36793
24X24       2.0         0.5         0.001       441.11      -170.0      9.3918      169.999     9.39192     -169.9995   -0.0005     9.39186     441.11001   55.5715     169.9985    379.39274   9.39198     -30.934     -0.001      0.0         418.869     441.11002   441.11      4.985       66.885      66.884      440.8336    360.3409    360.34256   0.93918     lt25        4.26397     -55.91951   23287.56089 -7933.90934 391.19928   -4.3518     55.57144    23291.37358 -7676.8299  402.2348    17308.08922 -21817.9871
24X24       5.5         0.5         0.001       375.16      -121.281    129.85806   121.281     129.85806   -124.4905   -118.0555   61.06786    201.99763   118.0555    124.4905    201.99763   61.06786    -126.7      -121.572    -115.501    40.855      122.67456   227.79376   115.501     121.572     126.7       227.79376   122.67456   40.855      1.88958     eq25        0.05494     -123.63836  1.33969     30.32395    6.89846     -0.05613    123.63831   1.33965     29.0457     7.202       724.85211   -724.62766
24X24       10.0        0.5         0.001       295.42      -160.5      17.555      160.499     17.55521    -0.0015     -0.0005     295.42      295.42      81.4285     157.3625    230.85437   18.50795    -70.461     -0.001      0.0         243.57978   295.42      295.42      55.601      157.362     157.363     259.609     18.50817    18.50773    1.7555      lt25        3.91623     -82.92354   31857.87034 -13300.25991            253.98801   -4.33413    81.42846    31854.9362  -11435.71567            302.05442   361566.9907 -437899.53063
24X24       15.0        0.5         0.001       256.08      -134.813    91.12239    182.999     15.23622    -138.4525   -0.0005     50.56795    256.08      68.2215     182.9985    216.37065   15.23633    -140.895    -0.001      0.0         39.24491    256.08      256.08      68.221      68.222      92.619      216.3711    216.3702    192.95862   2.31999     eq25        0.05603     -137.70115  1.60313     71.71199    1.75555     -5.7146     66.94914    36232.27663 -15220.44647            210.35602   4.157243752774144e+208  -2422.16485
24X24       20.0        0.5         0.001       189.95      -141.422    68.61676    141.422     68.61676    -145.2345   -137.5665   39.98728    99.17003    137.5665    145.2345    99.17003    39.98728    -147.793    -141.91     -134.363    31.9621     64.14758    110.61934   134.364     149.18      149.179     110.61752   29.94872    29.94992    2.03062     eq25        0.04611     -144.44594  1.60167     164.22775   0.54193     -0.06157    144.44587   1.6016      92.0933     0.96639     398.1074    -501.43398
24X24       25.0        /
24X24       28.5        0.5         0.001       116.64      -152.542    42.52352    152.542     42.52352    -156.5825   -148.4465   26.03263    60.39603    148.4465    156.5825    60.39603    26.03263    -158.662    -153.107    -144.982    22.30854    39.74804    66.82309    143.438     154.053     154.054     68.41376    35.33255    35.32803    1.46562     eq25        0.08682     -155.8064   1.68223     93.5175     0.55145     -0.06959    155.80632   1.68216     145.54617   0.35432     382.8862    -313.07122
20X20       2.0         0.5         0.001       436.21      -150.0      8.1158      149.999     8.11607     -149.9995   -0.0005     8.11593     436.21009   55.9585     143.1235    373.67474   9.11219     -71.679     -0.001      0.0         346.66496   436.21018   436.21      28.934      67.023      67.022      416.6458    354.9809    354.9826    0.81158     lt25        3.4298      -56.60806   22886.95718 -6236.80292 343.23368   -3.60074    55.9581     22308.1369  -5652.54607 371.88275   370794.93872            -29635.24199
20X20       5.5         0.5         0.001       371.23      -150.0      10.593      149.999     10.59308    -45.8805    -0.0005     334.77686   371.23      59.4565     116.7185    315.07264   22.78377    -45.879     -0.001      0.0         334.77908   371.23      371.23      46.671      116.718     116.719     333.64034   22.78405    22.78348    1.0593      lt25        3.62281     -60.08288   25487.083   -7386.9095  289.66081   -3.56782    59.45675    25477.82997 -7796.14661 275.87305   402682.90592            -847671.09446
20X20       10.0        0.5         0.001       290.86      -150.0      13.204      149.999     13.2038     -137.5745   -0.0005     16.76622    290.86      64.3465     149.9985    243.45885   13.20371    -137.575    -0.001      0.0         16.766      290.86      290.86      26.357      66.541      66.542      281.52438   241.16572   241.16464   1.3204      lt25        3.97773     -65.14263   30522.86024 -9412.64707 228.25309   -3.32358    64.3465     26826.71127 -12214.61986            155.86037   918036.4968 -54698.18447
20X20       15.0        0.5         0.001       250.07      -111.517    96.21536    111.517     96.21536    -115.1975   -107.8005   51.78789    143.74575   107.8005    115.1975    143.74575   51.78788    -120.279    -111.967    -104.737    33.96844    89.76596    160.98894   104.737     111.967     117.676     160.98894   89.76596    39.2193     2.22824     eq25        0.09013     -114.4081   1.56299     25.35355    5.43359     -0.05948    114.40813   1.56301     58.22331    2.36606     2261.9354   -802.82657
20X20       20.0        0.5         0.001       186.74      -117.029    72.73845    117.029     72.73845    -120.8355   -113.1765   41.15338    106.51922   113.1765    120.8355    106.51922   41.15338    -126.955    -117.532    -109.956    27.72486    67.74237    119.2224    109.955     117.379     123.501     119.2245    69.25595    32.21012    1.97862     eq25        0.06441     -120.06891  1.63029     77.06677    1.27588     -0.05864    120.06908   1.63046     92.97596    1.05758     3811.51212  -456.46261
20X20       25.0        0.5         0.001       138.81      -122.509    54.60443    122.509     54.60443    -126.4345   -118.5315   32.09323    78.91356    118.5315    126.4345    78.91356    32.09323    -127.391    -123.048    -115.18     29.10069    50.8671     88.0156     115.181     123.048     127.762     88.01397    50.8671     28.20582    1.65428     eq25        0.07772     -125.66867  1.66537     79.93496    0.88169     -0.07921    125.66854   1.66526     76.93837    0.91602     373.80076   -383.96502
20X20       28.5        0.5         0.001       113.78      -126.162    44.82759    126.162     44.82759    -130.1865   -122.0795   26.68395    64.40155    122.0795    130.1865    64.40155    26.68395    -132.863    -126.731    -118.617    21.68129    41.71228    71.71405    118.618     133.292     133.291     71.71279    21.2325     21.23349    1.4214      eq25        0.06916     -129.42159  1.69344     133.30373   0.42693     -0.06538    129.4216    1.69345     149.16139   0.38154     297.1718    -301.87988
