FS          d_cm        ini_bin     bin         D(0)        p1d1sx      D(p1d1sx)   p1d1dx      D(p1d1dx)   p1d2sx      p2d2sx      D(p1d2sx)   D(p2d2sx)   p1d2dx      p2d2dx      D(p1d2dx)   D(p2d2dx)   p1d3sx      p2d3sx      p3d3sx      D(p1d3sx)   D(p2d3sx)   D(p3d3sx)   p1d3dx      p2d3dx      p3d3dx      D(p1d3dx)   D(p2d3dx)   D(p3d3dx)   D(IP-25)    off25       chissx      chisdx      params
4X4         2.0         0.5         0.001       422.5       -20.112     206.1516    20.112      206.1516    -23.1715    -17.0505    72.35894    343.15362   17.0505     23.2315     343.15362   70.7237     -23.051     -23.05      0.0         75.64305    75.6703     422.5       -0.001      23.231      23.232      422.4998    70.73733    70.71007    0.31093     lt25        0.05165     -21.997     0.97571     13.27144    30.00887    -0.05207    21.99702    0.97572     13.05981    30.49519    9726221.15312           -9726109.23602
4X4         5.5         0.5         0.001       372.56      -20.909     183.61832   20.909      183.61832   -24.1675    -17.6465    68.39608    301.48699   17.6465     24.1675     301.48699   68.39608    -26.476     -20.751     0.0         31.81307    190.17848   372.56      -0.001      21.067      26.663      372.56024   177.08764   30.37724    0.57933     eq25        0.06802     -22.95493   1.00577     10.22795    33.65382    -0.05349    22.95495    1.00578     16.53963    20.81121    7106172.19363           -7106054.69846
4X4         10.0        0.5         0.001       273.53      -21.955     136.2632    21.955      136.2632    -25.3365    -18.5685    53.44899    221.41261   18.5685     25.3365     221.41261   53.44899    -27.723     -22.136     0.0         27.31798    131.02416   273.53      -0.001      22.136      28.185      273.5299    131.02416   24.70168    0.67438     eq25        0.06479     -24.13439   1.05008     17.26984    14.37766    -0.05151    24.13424    1.04998     27.32018    9.08846     3738776.17847           -3743767.06897
4X4         15.0        0.5         0.001       211.36      -23.11      105.92802   20.791      151.99618   -26.6625    -19.5515    42.63408    171.06561   15.2505     28.3425     200.11846   27.24313    -32.719     -22.795     0.0         14.68126    112.5409    211.36      15.25       15.251      29.606      200.12      200.11692   21.22058    0.69157     eq25        0.08464     -25.45194   1.09127     14.96211    12.68964    -1.20338    28.34243    -29370.78411            -1461.85199 444.85326   2547427.17356           -3729783145.63143
4X4         20.0        0.5         0.001       151.2       -21.3       115.402     24.244      76.40123    -29.9585    -14.7505    19.2645     145.23435   20.5705     27.9115     122.60756   31.40419    -31.393     -14.751     -14.75      15.2417     145.2337    145.235     -0.001      24.217      29.374      151.2       76.79603    21.92501    0.6588      eq25        1.80792     -29.95826   -34855.33617            -1395.06571 393.31349   -0.09712    26.62976    1.06677     16.85006    7.98424     33409.96298 -1223014.72517
4X4         25.0        0.5         0.001       109.46      -25.42      55.19904    25.42       55.19904    -29.1975    -21.6335    23.08513    88.37167    21.6335     29.1975     88.37167    23.08512    -34.339     -25.663     -18.508     9.78238     52.7796     100.73022   -0.001      25.663      34.338      109.45998   52.7796     9.78325     0.49121     eq25        0.11215     -27.97236   1.14001     19.45869    4.97149     -0.11214    27.97238    1.14003     19.46066    4.97099     427.48422   -1967736.12361
4X4         28.5        0.5         0.001       88.718      -26.185     44.90593    26.185      44.90593    -30.0455    -22.3135    18.89562    71.53622    22.3135     30.0455     71.53622    18.89562    -38.457     -26.437     0.0         6.6459      42.88439    88.718      -0.001      26.437      32.75       88.718      42.88439    10.8805     0.42207     eq25        0.11804     -28.80294   1.1473      22.80373    3.42903     -0.09948    28.80293    1.14729     32.10945    2.43526     3927588.97581           -3927567.0431
7X7         2.0         0.5         0.001       431.75      -32.135     203.1709    32.135      203.1709    -35.2425    -29.0205    73.94298    337.48275   29.0205     35.2425     337.48275   73.94297    -37.421     -32.332     -26.623     33.18333    193.58488   384.13176   26.623      32.332      37.421      384.13176   193.58488   33.18333    0.61635     eq25        0.03967     -34.22601   1.13161     26.0235     14.96147    -0.03979    34.22608    1.13166     25.86892    15.05081    1175.64685  -1175.14457
7X7         5.5         0.5         0.001       388.12      -36.734     71.9431     33.405      184.9114    -45.8625    -45.8635    17.4446     17.44343    30.0785     36.7225     301.60695   72.21162    -55.25      -45.864     -45.863     10.534      17.44285    17.44402    -45.862     33.636      39.038      17.44518    175.63008   37.37721    0.86706     lt25        1.4637      -19.38766   12381.7803  -1688.01943 233.37192   -0.03997    35.69043    1.18134     34.4554     9.85787     92520902.17447          -77208021162051.47
7X7         10.0        0.5         0.001       290.85      -35.056     140.09648   35.056      140.09648   -38.4985    -31.6025    58.91376    224.59805   31.6025     38.4985     224.59805   58.91376    -45.9       -45.901     -28.911     20.9118     20.91069    255.17044   29.004      36.178      36.179      254.60768   109.37776   109.35168   1.1058      lt25        0.05783     -37.4741    1.2249      25.07044    9.82573     -0.06883    37.47404    1.22486     17.69586    13.92051    15532.52151 -359.21388
7X7         15.0        0.5         0.001       226.66      -36.87      111.005     36.87       111.005     -40.5155    -33.2125    48.78179    175.64775   33.2125     40.5155     175.64775   48.78179    -41.576     -41.575     -30.357     38.42489    38.43285    199.08642   30.357      47.642      47.641      199.08642   20.11017    20.11121    1.15073     eq25        0.0712      -39.44566   1.2389      24.3833     7.74388     -0.07729    39.44567    1.2389      20.68854    9.12686     404.15052   -8517.18215
7X7         20.0        0.5         0.001       163.48      -38.725     80.47055    38.725      80.47055    -42.4765    -34.9565    36.49173    126.05018   34.9565     42.4765     126.05018   36.49173    -47.04      -47.041     34.398      19.09056    19.08927    130.54604   34.397      39.039      48.456      130.55306   76.01112    17.45406    1.00819     eq25        0.08324     -41.43041   1.29049     27.48846    4.86288     -0.08924    41.43038    1.29046     23.91405    5.5897      -211148943581.84286     -1785.8328
7X7         25.0        0.5         0.001       118.84      -40.582     58.69858    40.582      58.69858    -44.4535    -36.6925    27.30645    91.74455    36.6925     44.4535     91.74454    27.30645    -47.15      -40.921     -32.174     17.7989     55.37299    106.43464   33.622      40.921      47.125      103.615     55.37299    17.84475    0.87452     lt25        0.09195     -43.40152   1.3166      33.86475    2.83664     -0.0884     43.4015     1.31658     36.63594    2.62207     337.89142   -321.61292
7X7         28.5        0.5         0.001       96.716      -41.796     47.84358    41.796      47.84358    -45.7765    -37.8005    22.40422    74.50753    37.8005     45.7725     74.50753    22.42162    -50.305     -42.144     -34.647     12.62018    45.18018    84.23011    34.647      49.748      49.747      84.23011    13.154      13.155      0.77764     lt25        0.10515     -44.69214   1.31669     33.75437    2.30412     -0.10333    44.69213    1.31668     34.95347    2.22508     286.4371    -219.32193
10X10       2.0         0.5         0.001       439.74      -48.0       194.76      48.0        194.76      -51.0855    -44.9025    72.85501    321.49695   44.9025     51.0855     321.49695   72.85501    -55.694     -48.256     -42.47      23.12994    182.95328   367.5002    42.47       48.256      53.221      367.5002    182.95328   35.96281    0.90489     eq25        0.0541      -50.21789   1.28195     15.85357    23.28246    -0.05593    50.21781    1.28188     14.83441    24.88186    3170.38333  -2059.0227
10X10       5.5         0.5         0.001       399.84      -57.004     33.43831    49.914      179.75048   -76.2495    -36.8625    12.49625    360.18025   46.5685     53.2445     290.44819   73.71817    -76.25      -76.249     -29.373     12.496      12.4965     374.88844   43.934      50.2        55.545      330.7278    169.05      41.7397     1.1193      lt25        1.58234     -36.86293   22066.59314 -2966.27444 258.96593   -0.05821    52.32808    1.3036      18.47131    17.47746    131827466.11081         -1117.97262
10X10       10.0        0.5         0.001       304.92      -52.402     138.6268    52.402      138.6268    -55.8835    -48.8995    61.74735    219.53815   48.8995     55.8835     219.53815   61.74735    -58.576     -52.752     -46.517     37.35799    129.46296   246.6123    45.823      52.752      58.124      250.8135    129.46296   39.84277    1.52938     eq25        0.06225     -55.02062   1.41113     25.63324    9.19816     -0.06083    55.02066    1.41117     26.8427     8.78374     689.51489   -808.50142
10X10       15.0        0.5         0.001       242.57      -55.172     111.62728   55.172      111.62728   -58.8355    -51.4825    52.6786     174.00305   51.4825     58.8355     174.00305   52.6786     -59.392     -59.391     -48.512     47.30828    47.31719    196.69688   48.511      55.555      61.334      196.70214   104.25928   35.4482     1.62661     eq25        0.0769      -57.95184   1.439       24.59461    7.36405     -0.06989    57.95184    1.439       29.77543    6.08275     632.07274   -706.49659
10X10       20.0        0.5         0.001       176.92      -57.907     82.6418     57.907      82.6418     -61.7115    -54.0725    40.71721    126.8684    54.0725     61.7115     126.8684    40.71721    -64.3       -58.318     -50.971     28.4542     77.13461    143.44106   50.099      58.319      64.3        145.93052   77.12125    28.4542     1.45322     eq25        0.04461     -60.81672   1.465       112.02424   1.15364     -0.06903    60.81679    1.46506     46.78817    2.76216     389.57301   -409.57374
10X10       25.0        0.5         0.001       130.54      -60.692     61.34263    60.692      61.34263    -64.6175    -56.7305    31.11948    93.30247    56.7305     64.6175     93.30247    31.11948    -66.935     -66.934     -47.231     23.03367    23.03599    113.34362   -47.23      61.15       67.489      113.3446    57.1054     21.92554    1.2178      eq25        0.08287     -63.74405   1.52338     49.163      1.90602     -0.04627    63.74414    1.52345     157.66515   0.59433     3105.89911  -7.807035342849288e+23
10X10       28.5        0.5         0.001       106.3       -62.488     50.07735    62.488      50.07735    -66.4895    -58.4515    25.64256    75.98619    58.4515     66.4895     75.98619    25.64256    -73.323     -62.94      -55.166     14.97723    46.76192    85.67526    55.167      62.94       69.202      85.67337    46.76192    18.67615    0.8858      lt25        0.086       -65.57864   1.4997      58.20804    1.29557     -0.0612     65.57863    1.4997      114.9451    0.65608     3233.06342  -258.91152
15X15       2.0         0.5         0.001       449.05      -83.851     19.87809    82.014      22.15351    -107.7495   -58.8285    9.60717     370.02701   94.6865     94.6815     13.29592    13.29804    -107.75     -107.749    94.681      9.6071      9.60724     13.29826    94.682      94.687      105.75      13.29783    13.29571    9.98085     0.93746     eq25        1.76474     -58.8281    21624.64835 -3231.15633 260.68131   -1.57215    59.39996    21060.99106 -3554.79496 210.86682   -3.0490412623632904e+53 -75369903.29071
15X15       5.5         0.5         0.001       411.54      -74.903     167.80054   84.561      30.61447    -78.2205    -71.5625    72.68593    267.88125   101.7185    101.7095    16.14748    16.15133    -75.617     -75.616     101.709     143.79048   143.82304   16.15155    101.71      101.719     108.656     16.15112    16.14727    13.65089    1.70315     eq25        0.05735     -77.41394   1.43045     22.3856     13.04874    -1.47416    62.53149    23146.12444 -4605.01777 162.07181   2.129797922726561e+72   -112386437339.6836
15X15       10.0        0.5         0.001       319.27      -78.608     132.38016   78.608      132.38016   -82.0785    -75.1105    63.02327    205.82891   75.1105     82.0785     205.82891   63.02327    -76.215     -76.216     -72.274     186.7904    186.77096   233.0256    72.275      78.99       84.436      233.02      123.2198    42.7483     1.96753     eq25        0.06045     -81.27225   1.47841     30.89555    6.91889     -0.06201    81.27224    1.47841     29.35842    7.28113     452.39521   -750.21454
15X15       15.0        0.5         0.001       257.78      -82.671     108.4675    82.671      108.4675    -86.3385    -78.9695    55.34579    165.12903   78.9695     86.3385     165.12903   55.34579    -88.816     -83.102     -75.939     39.90209    100.96131   186.59912   75.939      83.102      89.939      186.59912   100.96131   36.64713    1.3285      lt25        0.06431     -85.52729   1.53036     40.54363    4.07548     -0.04756    85.52731    1.53038     74.12454    2.22915     550.90209   -624.20758
15X15       20.0        0.5         0.001       190.6       -86.82      81.2364     86.82       81.2364     -90.6285    -82.9675    43.24696    121.8223    82.9675     90.6365     121.8223    43.19715    -95.698     -95.699     -79.75      28.38432    28.38316    137.115     79.75       85.103      85.102      137.115     101.39807   101.40944   1.861       eq25        0.07829     -89.85645   1.62363     43.27039    2.7318      -0.07147    89.8565     1.62367     51.9182     2.27679     1301.78273  -310.49119
15X15       25.0        0.5         0.001       141.66      -90.922     60.88488    90.922      60.88488    -94.8735    -86.9225    33.512      90.11147    86.9225     94.8735     90.11147    33.512      -92.99      -92.989     -83.572     44.53966    44.54673    101.22312   83.572      98.331      98.33       101.22312   24.66749    24.6687     1.56355     eq25        0.05554     -94.08366   1.63868     129.26084   0.66        -0.06475    94.08369    1.6387      95.08122    0.89724     311.98327   -473.69181
15X15       28.5        0.5         0.001       116.04      -93.666     50.08559    93.666      50.08559    -97.6785    -89.6005    27.98044    73.60542    89.6005     97.6785     73.60542    27.98044    -100.35     -94.222     -86.168     21.782      46.29316    82.62901    86.168      94.222      100.35      82.62901    46.29316    21.782      1.35242     eq25        0.07585     -96.90194   1.674       89.9218     0.76735     -0.07016    96.90183    1.67392     105.0878    0.65661     413.32646   -413.07615
24X24       2.0         /
24X24       5.5         0.5         0.001       460.72      -120.899    160.57808   184.499     11.23416    -124.2725   -0.0005     74.60198    460.72001   62.9205     160.9125    384.49285   16.46165    -127.392    -0.001      0.0         44.6371     460.72002   460.72      62.92       160.912     160.913     384.494     16.46185    16.46145    2.26249     eq25        0.05408     -123.35495  1.31597     27.25255    9.61039     -4.70925    50.14659    24486.73953 -8426.17043 379.85063   2.003048832787252e+179  -1325384.12943
24X24       10.0        0.5         0.001       360.25      -126.879    127.73196   126.879     127.73196   -130.4455   -123.2935   65.25317    193.5745    123.2935    130.4455    193.5745    65.25317    -136.646    -127.918    -120.573    37.85348    106.72196   216.61186   115.998     134.094     134.093     230.33384   42.85512    42.8574     1.3805      lt25        0.04495     -129.51059  1.35286     61.75447    3.09114     -0.03844    129.51052   1.35281     84.43999    2.26062     5991.43779  -2904.39873
24X24       15.0        0.5         0.001       270.95      -183.0      15.487      182.999     15.48718    -182.9995   -0.0005     15.48709    270.94999   69.8065     182.9985    226.4261    15.48726    -55.388     -0.001      0.0         239.4896    270.94998   270.95      69.806      69.807      94.861      226.4264    226.4258    201.2829    1.5487      lt25        5.76766     -66.07841   34708.59647 -13592.12223            238.52569   -5.37156    65.62824    35077.56428 -15960.49957            204.03912   30919.33015 -4212.35151
24X24       20.0        0.5         0.001       203.58      -140.237    73.80286    140.237     73.80286    -144.1015   -136.3375   42.76436    107.03725   136.3375    144.1015    107.03725   42.76436    -147.056    -140.677    -133.138    33.21582    69.47494    119.03916   133.138     148.522     148.521     119.03916   30.97045    30.97156    1.6108      lt25        0.05991     -143.2532   1.53828     89.31326    1.07848     -0.05796    143.25325   1.53832     95.445      1.0092      451.58726   -905.82187
24X24       25.0        0.5         0.001       152.6       -146.878    55.73316    146.878     55.73316    -150.8895   -142.8245   33.40551    79.76374    142.8245    150.8895    79.76374    33.40551    -156.863    -147.369    -139.483    23.90401    52.43813    88.64277    139.483     147.369     153.314     88.64277    52.43813    27.42632    1.7883      eq25        0.0608      -150.03071  1.56453     131.11523   0.53117     -0.0629     150.03071   1.56453     122.513     0.56847     1825.62011  -373.81217
24X24       28.5        0.5         0.001       125.26      -181.5      14.235      151.413     45.73906    -179.6225   -0.0005     14.59264    125.26003   147.2665    155.5045    65.07584    27.86169    -64.701     -0.001      0.0         109.82578   125.26006   125.26      143.77      151.977     158.231     72.49532    42.71791    22.82329    1.4235      lt25        7.6978      -98.70702   56872.75811 -26264.35283            150.12753   -0.06966    154.70937   1.66938     135.47128   0.41595     48904.37606 -263.5358
20X20       2.0         /
20X20       5.5         0.5         0.001       458.03      -69.292     368.60696   79.68       349.1796    -31.2795    -31.3055    432.70665   432.67285   47.2545     47.2405     407.67298   407.69482   -142.482    -31.306     47.24       14.34005    432.6722    407.6956    47.254      47.255      79.996      407.67376   407.6722    348.45912   30.41589    eq25        3.26438     -128.74807  -23908.10254            -5356.59337 189.1644    -2.03282    116.31598   -23097.94133            -5864.5489  144.77438   -2.5250822942197865e+32 -15067880724864.271
20X20       10.0        0.5         0.001       356.9       -182.267    9.10711     183.499     9.03927     -2.1115     -0.0005     357.08763   356.90015   105.5855    105.5865    122.8777    122.8551    -2.112      -0.001      0.0         357.08744   356.9003    356.9       105.585     105.586     105.587     122.889     122.8664    122.8438    0.90394     lt25        3.37096     -42.93884   13123.47471 -9164.54576 107.43372   -6.07235    42.70811    26070.27024 -5643.95033 345.15017   2540.09511  -335.03397
20X20       15.0        0.5         0.001       267.62      -110.57     103.42238   110.57      103.42238   -114.2565   -106.8525   55.26055    154.71355   106.8525    114.2565    154.71355   55.26055    -116.758    -110.983    -103.831    41.21932    96.82842    173.14446   103.831     110.983     116.758     173.14446   96.82842    41.21932    2.32794     eq25        0.07067     -113.41088  1.49151     36.90663    4.03277     -0.03242    113.41086   1.4915      175.33292   0.84887     609.8687    -609.90752
20X20       20.0        0.5         0.001       200.21      -116.124    77.71202    116.124     77.71202    -119.9475   -112.2565   43.68256    114.26067   112.2565    119.9475    114.26067   43.68256    -120.983    -120.982    -109.034    38.56501    38.56925    128.035     108.508     116.62      122.51      129.3008    72.4064     33.83554    1.0224      lt25        0.06818     -119.16544  1.6138      63.55047    1.67519     -0.0718     119.16543   1.61379     57.29662    1.85803     419.16335   -472.74222
20X20       25.0        0.5         0.001       149.39      -121.616    58.67784    121.616     58.67784    -125.5905   -117.5965   34.03516    85.03545    117.5965    125.5905    85.03545    34.03516    -128.256    -122.128    -114.252    27.12162    54.75618    95.04478    114.252     122.128     128.256     95.04478    54.75618    27.12162    1.73971     eq25        0.09312     -124.7736   1.6082      50.86659    1.51014     -0.06245    124.77358   1.60817     113.09757   0.67919     392.61521   -392.48247
20X20       28.5        0.5         0.001       122.72      -125.265    48.46691    125.265     48.46691    -129.3235   -121.1605   28.55474    69.72333    121.1605    129.3235    69.72333    28.55474    -132.048    -125.782    -117.753    22.94863    45.38869    77.70341    117.753     125.782     132.048     77.70341    45.38869    22.94863    1.49763     eq25        0.04242     -128.48173  1.5987      315.1088    0.19684     -0.07574    128.48179   1.59876     98.84386    0.6275      318.00756   -317.98127
