FS          d_cm        ini_bin     bin         D(0)        p1d1sx      D(p1d1sx)   p1d1dx      D(p1d1dx)   p1d2sx      p2d2sx      D(p1d2sx)   D(p2d2sx)   p1d2dx      p2d2dx      D(p1d2dx)   D(p2d2dx)   p1d3sx      p2d3sx      p3d3sx      D(p1d3sx)   D(p2d3sx)   D(p3d3sx)   p1d3dx      p2d3dx      p3d3dx      D(p1d3dx)   D(p2d3dx)   D(p3d3dx)   D(IP-25)    off25       chissx      chisdx      params
4X4         2.0         0.5         0.001       452.38      -20.159     218.63726   20.159      218.63726   -23.1665    -17.1475    76.14913    364.6076    17.1475     23.1885     364.6076    75.42797    -27.718     -27.719     0.0         16.51148    16.50826    452.38      -0.001      23.188      23.189      452.37944   75.44436    75.41158    0.37852     eq25        0.04963     -22.10769   1.05954     13.64897    31.20407    -0.04891    22.10766    1.05952     14.05282    30.30729    103208933.71395         -103288782.44211
4X4         5.5         0.5         0.001       432.77      -20.759     213.85188   20.759      213.85188   -24.0205    -17.4955    77.83092    352.95446   17.4955     24.0205     352.95446   77.83092    -23.764     -23.763     0.0         85.83366    85.865      432.77      -0.001      20.885      26.346      432.7705    207.7182    33.7272     0.61456     eq25        0.05295     -22.68241   0.91163     13.59301    29.77584    -0.05341    22.68242    0.91164     13.36391    30.28632    42456141.25955          -42460492.22188
4X4         10.0        0.5         0.001       314.98      -21.81      156.8022    21.81       156.8022    -25.1615    -18.4545    59.82391    255.48003   18.4545     25.1615     255.48003   59.82391    -27.537     -21.968     0.0         29.06437    151.52816   314.98      -0.001      21.968      27.537      314.97956   151.52816   29.06437    0.56255     lt25        0.03455     -23.89795   0.99332     49.71501    5.79645     -0.05244    23.89806    0.99339     21.57468    13.35693    58592876.86769          -58579882.3252
4X4         15.0        0.5         0.001       222.13      -22.977     110.83578   22.977      110.83578   -26.4195    -19.5275    43.61405    179.5097    19.5275     26.4195     179.5097    43.61405    -33.859     -24.688     0.0         13.43049    73.59124    222.13      -0.001      22.989      27.746      222.1302    110.56146   29.65099    0.70361     eq25        0.08408     -25.25287   1.09687     13.50945    14.86508    -0.06152    25.25287    1.09687     25.22883    7.95991     18766389.7196           -18765711.04921
4X4         20.0        0.5         0.001       158.72      -24.111     79.69042    24.111      79.69042    -27.6515    -20.5625    32.23874    128.40375   20.5625     27.6515     128.40375   32.23873    -30.022     -24.328     0.0         17.8891     76.25835    158.72      -0.001      24.328      30.345      158.72028   76.25835    16.87746    0.53414     lt25        0.09374     -26.47423   1.11515     16.39101    8.68794     -0.09505    26.47425    1.11516     15.94063    8.93341     64651274.14461          -64644134.43303
4X4         25.0        0.5         0.001       115.02      -25.263     57.86327    25.263      57.86327    -28.8925    -21.6255    23.85179    92.80467    21.6255     28.8925     92.80467    23.85179    -35.078     -25.5       0.0         9.12119     55.243      115.02      -0.001      25.5        31.434      115.02004   55.243      13.3241     0.47147     lt25        0.10852     -27.72419   1.14734     18.24655    5.59848     -0.09544    27.72414    1.1473      23.58642    4.331       11279788.84224          -11291206.83617
4X4         28.5        0.5         0.001       93.434      -26.043     46.79666    26.043      46.79666    -29.7185    -22.3395    19.47143    74.95186    22.3395     29.7355     74.95186    19.38674    -32.304     -26.321     0.0         11.03598    44.36361    93.434      -0.001      23.245      23.244      93.43388    69.46196    69.46875    0.43362     eq25        0.11655     -28.63564   1.22436     21.14237    3.90986     -0.11734    28.63568    1.22438     20.8604     3.96273     57888023.27793          -57904823.95447
7X7         2.0         0.5         0.001       464.65      -32.1       217.49      31.944      225.88856   -35.1465    -29.0455    78.11853    361.10562   28.8375     35.0495     367.7845    81.09042    -38.06      -32.315     -26.678     28.3094     205.966     413.375     26.564      31.944      37.323      414.8       225.88856   34.64605    0.64234     eq25        0.04135     -34.20465   1.18749     22.04192    19.04279    -0.03394    31.94353    0.0         20.02922    20.87142    1052.16989  -1024.23566
7X7         5.5         0.5         0.001       445.24      -39.605     33.24853    33.14       211.516     -55.2495    -23.6015    11.33484    416.62302   29.8435     36.4285     346.23643   80.36633    -55.25      -55.249     -16.445     11.3345     11.33518    431.8738    27.303      33.351      38.734      394.86668   201.6834    39.77925    0.80351     lt25        1.22172     -23.60111   11603.75403 -1563.65323 294.1115    -0.0447     35.36038    1.13831     22.83953    17.20864    183958144.64456         -941.26738
7X7         10.0        0.5         0.001       329.63      -34.785     158.6802    34.785      158.6802    -38.1955    -31.3655    65.2928     255.42152   31.3655     38.1955     255.42152   65.2928     -40.578     -35.02      -28.719     36.27028    151.1108    290.2718    28.719      36.44       36.441      290.2718    107.6528    107.62342   1.20198     eq25        0.05313     -37.12974   1.1767      24.77123    11.3795     -0.03853    37.12976    1.17672     47.10183    5.98454     612.23908   -369.30411
7X7         15.0        0.5         0.001       236.65      -36.621     115.05316   36.621      115.05316   -40.1325    -33.2485    49.88747    180.70202   33.0965     40.1325     182.93338   49.88746    -43.413     -33.249     -33.248     26.73693    180.69468   180.70936   -33.247     36.89       45.856      180.72404   109.1244    22.00414    1.17851     eq25        0.07275     -39.09771   1.23482     20.67176    9.55503     -0.05563    39.09773    1.23483     35.35846    5.5862      239.63518   -10342619631086.416
7X7         20.0        0.5         0.001       172.71      -38.438     84.82848    38.438      84.82848    -42.0625    -34.7995    37.94312    133.57658   34.7995     42.0625     133.57658   37.94312    -47.356     -38.727     -33.351     18.60554    80.41017    144.75036   -33.352     40.877      40.878      144.74472   50.4936     50.48114    1.0509      lt25        0.07819     -41.01914   1.25834     26.86893    5.2859      -0.08537    41.01909    1.2583      22.53807    6.30161     698.11195   -4232095290088.7915
7X7         25.0        0.5         0.001       125.04      -39.942     65.05532    40.276      61.52917    -55.0265    -58.7505    11.67913    10.35885    36.5345     44.0005     96.15578    28.1432     -59.985     -58.751     -55.027     9.99925     10.35871    11.6789     -55.026     41.068      41.069      11.67935    53.21539    53.20499    0.90968     lt25        1.68366     -30.64809   40173.35375 -5878.17265 38.51052    -0.08677    42.9984     1.32672     33.51773    3.02602     71189148859767.66       9.79213338466496e+86
7X7         28.5        0.5         0.001       102.46      -45.277     23.9655     41.509      50.76664    -61.9185    -61.9205    9.15934     9.15887     37.7245     45.2725     78.75784    23.98575    -61.927     -61.921     -61.919     9.15735     9.15875     9.15922     -61.918     42.441      47.852      9.15946     42.8966     16.00406    0.88562     lt25        2.15423     -32.56887   45272.91119 -5800.92882 56.6418     -0.08559    44.31393    1.38293     44.92293    1.82308     18.71906    4.390801808248159e+51
10X10       2.0         0.5         0.001       478.66      -47.937     213.06906   47.77       221.5226    -51.0015    -44.8615    79.09381    350.82594   44.6425     50.8965     357.4923    82.72362    -53.134     -48.981     -42.601     38.58124    160.59848   399.54932   42.353      47.77       53.186      402.4764    221.5226    38.11604    0.60207     lt25        0.03757     -50.08765   1.22317     28.78243    13.98481    -0.04498    47.7759     0.0025      12.06747    33.18991    1323.24257  -1332.38448
10X10       5.5         0.5         0.001       457.79      -49.607     205.7941    49.607      205.7941    -52.9085    -46.2935    82.86638    333.74546   46.2935     52.9085     333.74546   82.86638    -55.34      -49.627     -43.704     43.6456     204.9201    380.74592   43.704      49.864      55.2        380.74592   194.5632    44.858      1.43979     eq25        0.05402     -51.94994   1.25008     17.69466    21.08461    -0.05451    51.9499     1.25005     17.37794    21.46887    1124.36294  -1123.40227
10X10       10.0        0.5         0.001       348.39      -52.086     159.04528   52.086      159.04528   -55.5055    -48.6505    69.36876    252.04632   55.5485     55.5495     68.69452    68.67884    -52.453     -52.452     52.391      147.84444   147.87496   149.73668   55.548      55.549      55.55       68.70236    68.68668    68.671      1.71105     eq25        0.0613      -54.58628   1.32776     21.16462    12.82322    -0.06076    54.58627    1.32776     21.53915    12.60017    -3.237677239344242e+36  -0.53872
10X10       15.0        0.5         0.001       253.72      -54.821     117.2969    54.821      117.2969    -58.3505    -51.2705    54.91462    182.6271    51.2705     58.3505     182.6271    54.91462    -60.772     -55.159     -46.588     36.26829    110.21598   213.92008   -46.587     55.627      60.772      213.92292   100.62581   36.26829    1.69754     eq25        0.06278     -57.44595   1.37622     31.44347    6.06305     -0.07248    57.44607    1.37632     23.59079    8.08131     707.40457   4.024003568375709e+26
10X10       20.0        0.5         0.001       185.86      -57.556     86.50708    57.556      86.50708    -61.1905    -53.8965    42.33561    133.00147   53.8965     61.1905     133.00147   42.33561    -58.607     -58.606     -50.957     71.56141    71.57478    150.12846   50.957      56.312      56.311      150.12846   104.26696   104.28088   1.1276      lt25        0.06541     -60.30254   1.42532     44.36975    3.0556      -0.07759    60.30254    1.42533     31.53874    4.29874     309.53974   -301.69529
10X10       25.0        0.5         0.001       137.29      -60.274     64.3879     60.274      64.3879     -64.0085    -56.5105    32.48596    98.03939    56.5105     64.0085     98.03938    32.48596    -66.547     -60.682     -53.463     23.13273    60.15614    110.68214   53.463      60.682      66.794      110.68214   60.15614    22.66887    1.26055     eq25        0.07238     -63.13555   1.47181     54.09488    1.8169      -0.07633    63.13537    1.47165     48.62866    2.02114     286.60231   -287.62851
10X10       28.5        0.5         0.001       111.88      -62.063     52.7059     62.063      52.7059     -65.8695    -58.2295    26.94127    79.83547    58.2295     65.8695     79.83547    26.94127    -72.863     -62.471     -55.133     15.48554    49.36357    89.88057    55.133      62.471      67.777      89.88057    49.36357    20.65189    1.08758     eq25        0.07873     -64.96663   1.45676     58.43191    1.35604     -0.06667    64.96659    1.45673     81.4669     0.97261     3348.61573  -273.76861
20X20       2.0         0.5         0.001       483.99      -106.968    24.19265    100.404     50.7722     -132.0895   -132.0985   12.04899    12.04729    118.2145    118.2075    16.51174    16.51544    -138.749    -132.099    118.207     10.65717    12.04719    16.5157     118.208     118.215     123.248     16.51518    16.51148    14.50212    1.20729     eq25        1.4038      -82.94699   21099.2861  -5509.33757 124.65933   -1.24762    82.95065    20980.52574 -4423.81613 127.85151   -4.9958722007667804e+169            -282584678368801.0
20X20       5.5         0.5         0.001       480.99      -99.573     181.42938   98.194      229.98656   -102.8615   -96.2725    80.64292    286.5841    131.5435    131.5325    18.5133     18.51702    -101.663    -101.662    131.532     111.74194   111.77156   18.51718    131.543     131.544     139.75      18.51347    18.51313    15.639      1.3029      lt25        0.04954     -101.89994  1.24237     25.41394    12.00707    -1.98078    66.96556    22648.70068 -5504.92212 121.16108   4.5417746162257474e+147 -406851824141125.8
20X20       10.0        0.5         0.001       373.43      -104.549    142.1446    104.549     142.1446    -107.9575   -101.1175   69.73942    218.03065   100.1535    107.9575    231.44405   69.73942    -115.253    -104.894    -98.365     37.08376    133.6576    246.3225    100.153     100.154     100.155     231.4499    231.4382    231.4265    1.6331      lt25        0.04145     -107.11728  1.41627     59.25194    3.73547     -0.0509     107.11712   1.41613     39.28241    5.63437     23611.68216 -0.0879
20X20       15.0        0.5         0.001       280.02      -109.968    108.82272   109.968     108.82272   -113.5285   -106.3845   57.75925    162.67041   106.3845    113.5285    162.67041   57.75925    -115.959    -110.337    -103.508    42.73685    102.60762   182.48384   101.435     110.332     121.564     188.4443    102.69178   33.73531    1.8339      lt25        0.05758     -112.65566  1.42252     47.48549    3.29658     -0.10555    112.6557    1.42255     14.13168    11.07716    427.08739   -28351.34129
20X20       20.0        0.5         0.001       208.82      -115.49     81.61496    115.49      81.61496    -119.1595   -111.7855   45.57133    119.77159   111.7855    119.1595    119.77159   45.57133    -114.635    -114.636    -108.734    91.70346    91.69166    134.38396   108.67      115.937     121.632     134.5798    76.38585    35.38414    2.15904     eq25        0.05869     -118.36906  1.55815     73.30675    1.51989     -0.06653    118.36906   1.55816     57.04795    1.95306     200.61682   -323.21689
20X20       25.0        0.5         0.001       156.45      -120.91     61.91902    120.91      61.91902    -124.7145   -117.0715   35.96745    89.5772     117.0715    124.7145    89.5772     35.96745    -127.287    -121.352    -113.935    28.46136    58.29112    99.85441    113.935     124.257     124.258     99.85441    38.18424    38.17914    1.81859     eq25        0.05608     -123.86558  1.52102     117.26228   0.68591     -0.05934    123.86579   1.5212      104.76436   0.76774     264.92425   -215.24748
20X20       28.5        0.5         0.001       128.23      -124.554    50.73173    124.554     50.73173    -128.4265   -120.6405   29.77865    72.98431    120.6405    128.4265    72.98431    29.77865    -130.299    -125.034    -117.407    25.07672    47.6309     81.38099    117.407     125.034     131.033     81.38099    47.6309     23.93479    1.6183      lt25        0.08528     -127.60466  1.57405     66.96868    0.96919     -0.07762    127.60465   1.57405     80.83681    0.80293     261.19048   -270.05954
15X15       2.0         0.5         0.001       487.26      -86.054     18.93502    82.237      23.11491    -100.0295   -100.0305   12.08686    12.08662    54.6085     106.2495    412.91631   10.41662    -116.25     -100.031    -100.03     8.46095     12.0865     12.08674    -100.029    106.249     106.25      12.08698    10.41675    10.4165     0.94363     eq25        1.89635     -55.79446   20013.81688 -3521.01222 240.22682   -2.30486    54.60844    20032.63272 -2256.05879 329.54366   10268031.31136          -5.283511097463291e+31
15X15       5.5         0.5         0.001       474.31      -97.531     20.11052    98.468      19.58018    -62.5775    -62.5765    382.79455   382.79733   115.2505    115.2495    12.84138    12.84162    -62.578     -62.577     115.249     382.79316   382.79594   12.84175    115.25      115.251     121.593     12.8415     12.84125    11.29014    0.99689     lt25        2.3827      -53.34719   21562.61871 -4114.36167 273.48256   -2.39336    52.74713    21789.85191 -4304.36001 270.47525   6725147325099.712       -86356.72297
15X15       10.0        0.5         0.001       365.14      -78.212     152.54496   78.212      152.54496   -81.6395    -74.7625    71.46097    236.985     74.7615     81.6395     237.003     71.46097    -83.981     -78.561     71.411      47.37663    142.63614   272.4816    71.412      78.561      83.981      272.4772    142.63614   47.37663    1.243       lt25        0.05835     -80.79794   1.4204      27.04879    9.16034     -0.0633     80.79783    1.4203      22.98802    10.77844    -6.322229369003609e+58  -892.42172
15X15       15.0        0.5         0.001       270.34      -82.293     114.46402   82.293      114.46402   -85.8395    -78.7195    57.85739    174.3582    78.7195     85.8395     174.3582    57.85739    -93.035     -82.68      -75.826     32.14733    107.1832    196.40692   75.826      82.423      88.156      196.40692   112.01222   41.77936    1.4083      lt25        0.05475     -85.01033   1.47177     48.05543    3.62803     -0.06325    85.01034    1.47178     35.99581    4.84352     16113.22351 -683.55183
15X15       20.0        0.5         0.001       199.97      -86.357     85.88058    86.357      85.88058    -90.0335    -82.6485    45.45736    128.54884   82.6485     90.0335     128.54884   45.45736    -92.525     -86.776     -79.628     33.76275    80.429      144.44664   79.628      86.776      92.525      144.44664   80.429      33.76275    1.94578     eq25        0.05798     -89.20051   1.50413     65.72602    1.89162     -0.06846    89.20051    1.50413     47.13205    2.6379      453.16186   -452.93638
15X15       25.0        0.5         0.001       149.47      -90.469     64.38917    90.469      64.38917    -94.2175    -86.6785    35.40329    95.26086    86.6785     94.2175     95.26086    35.40329    -96.592     -90.415     -83.534     27.44047    64.89288    107.01568   83.533      90.945      95.468      107.01816   59.96417    30.25348    1.3267      lt25        0.06164     -93.43815   1.59572     87.55404    1.02835     -0.05812    93.43818    1.59574     98.49701    0.9141      331.95278   -308.28325
15X15       28.5        0.5         0.001       121.38      -93.204     52.98654    93.204      52.98654    -97.0385    -89.3445    29.56625    77.73795    89.3445     97.0385     77.73795    29.56625    -98.25      -98.249     -86.243     25.8        25.80251    86.98617    86.243      93.599      99.656      86.98617    50.38722    23.02176    1.40011     eq25        0.06135     -96.10349   1.42759     106.11303   0.67639     -0.08195    96.10378    1.42781     59.48814    1.20654     452.40097   -474.74783
24X24       2.0         /
24X24       5.5         0.5         0.001       486.64      1.506       486.37904   -160.5      17.045      -0.0005     -160.4995   486.6399    17.04512    2.3155      0.6975      486.27476   486.50445   0.124       1.467       0.124       486.6152    486.38462   486.6152    1.467       2.931       21.777      486.38462   486.22552   472.06192   47.00574    eq25        1           1           1           1           1           1           1           1           1           1           0           3.474715859276523e+95
24X24       10.0        0.5         0.001       379.93      -137.263    37.68039    137.674     37.2136     -136.3125   -114.1375   38.85475    246.796     113.9065    150.2495    247.2283    26.75325    -115.195    -115.196    -106.284    244.6549    244.65272   259.91424   -106.283    118.229     150.248     259.91588   237.34086   26.75398    2.1622      lt25        1.20233     -114.13702  27950.07294 -11697.46669            59.42646    -1.39281    113.90696   27861.21459 -9040.63878 77.82891    26835.52545 3.7221247896496083e+189
24X24       15.0        0.5         0.001       286.98      -133.027    103.48231   142.817     36.08914    -136.5995   -129.4335   56.66371    152.84648   121.7855    159.2495    181.05033   24.71724    -139.048    -133.373    -126.566    42.90326    98.12969    170.73544   115.947     159.249     159.25      188.77148   24.71748    24.717      2.5338      eq25        0.05458     -135.6912   1.38478     56.97992    2.51428     -7.46331    121.7855    33455.73165 -394.67964  1574.26382  475.78265   -219568.22921
24X24       20.0        0.5         0.001       214.97      -139.703    78.26261    139.702     78.27347    -143.4025   -135.9755   45.07321    113.39484   135.9755    143.4025    113.39484   45.07321    -148.617    -140.097    -135.632    31.64281    74.03011    115.56576   -135.633    140.097     145.922     115.55944   74.03011    35.49065    2.5045      lt25        0.11846     -142.52357  1.45479     18.92126    5.39305     -0.0695     142.52326   1.45453     54.95518    1.85683     1172.40238  -1.6614451989339547e+224
24X24       25.0        0.5         0.001       161.62      -179.5      16.469      146.33      59.20484    -0.0015     -0.0005     161.61994   161.61998   142.5095    150.1145    84.45935    35.46825    -102.818    -0.001      0.0         119.57556   161.61996   161.62      139.378     146.778     155.81      93.96719    55.86801    25.5212     1.6469      lt25        7.10393     -90.70254   48173.37722 -19480.69896            190.60062   -0.05387    149.28196   1.53583     138.47125   0.53191     27456.9932  -1391.25848
24X24       28.5        0.5         0.001       132.53      -150.646    48.71226    150.646     48.71226    -154.5605   -146.6935   29.50028    69.15519    146.6935    154.5605    69.15519    29.50028    -157.199    -151.12     -146.042    23.93179    45.9232     71.41507    143.441     151.12      157.199     76.78755    45.9232     23.93179    1.5287      lt25        0.08116     -153.71429  1.55463     81.44488    0.73163     -0.07439    153.71444   1.55476     96.94497    0.61466     131.49124   -287.55743
