FS          d_cm        D(0)        p1d1sx      D(p1d1sx)   p1d1dx      D(p1d1dx)   p1d2sx      p2d2sx      D(p1d2sx)   D(p2d2sx)   p1d2dx      p2d2dx      D(p1d2dx)   D(p2d2dx)   p1d3sx      p2d3sx      p3d3sx      D(p1d3sx)   D(p2d3sx)   D(p3d3sx)   p1d3dx      p2d3dx      p3d3dx      D(p1d3dx)   D(p2d3dx)   D(p3d3dx)   D(IP-25)    off25
10X10       2.0         424.79      -47.75      196.315     47.75       196.315     -52.0       -45.0       58.155      297.265     44.0        51.0        323.641     80.852      -54.5       -49.0       -43.0       28.478      146.371     343.415     41.5        47.5        53.0        362.472     206.497     42.192      0.863       eq25
10X10       5.5         354.643     -49.75      162.037     49.75       162.037     -54.0       -46.0       56.723      261.553     45.0        53.0        277.846     74.071      -56.5       -51.0       -45.0       33.319      123.901     277.846     43.5        49.5        55.0        294.235     169.853     44.362      1.186       eq25
10X10       10.0        271.383     -52.25      125.138     52.25       125.138     -56.5       -48.5       50.424      196.471     47.5        55.5        208.462     62.926      -59.0       -52.0       -46.5       32.991      130.65      217.341     45.0        50.5        57.5        226.25      162.578     41.354      1.393       eq25
10X10       15.0        224.963     -55.25      107.07      55.25       107.07      -59.5       -52.0       48.641      155.547     51.0        58.5        166.255     58.913      -62.0       -55.5       -50.0       33.261      102.928     174.599     48.5        54.0        60.5        183.315     127.487     40.851      1.549       eq25
10X10       20.0        162.888     -57.75      80.886      57.75       80.886      -62.5       -54.5       36.165      113.666     53.5        61.5        120.758     42.865      -65.0       -57.5       -52.0       26.229      83.756      128.541     50.5        56.0        63.5        133.635     100.092     31.153      1.368       eq25
10X10       25.0        119.7       -60.75      57.595      60.75       57.595      -65.0       -57.5       29.192      81.356      56.5        64.0        86.752      34.267      -67.5       -62.0       -53.5       21.357      47.737      96.863      52.0        60.5        66.0        99.619      59.598      25.289      1.138       eq25
10X10       28.5        97.073      -62.25      48.822      62.25       48.822      -66.0       -59.5       27.441      64.837      58.5        65.0        69.302      32.225      -70.5       -63.0       -56.5       16.329      44.041      75.693      55.0        61.5        69.0        78.745      53.55       18.447      0.984       eq25
15X15       2.0         432.851     -71.75      187.895     71.75       187.895     -76.0       -69.0       61.054      276.461     68.0        75.0        299.089     82.464      -78.5       -73.0       -67.0       32.371      142.857     316.012     65.5        71.5        77.0        332.444     196.997     45.785      1.199       eq25
15X15       5.5         364.146     -74.75      155.053     74.75       155.053     -79.0       -72.0       59.387      224.496     71.0        78.0        242.925     75.45       -81.5       -75.5       -70.0       37.079      134.253     257.005     68.5        74.0        80.0        271.22      175.777     47.723      1.558       eq25
15X15       10.0        283.148     -78.75      116.09      78.75       116.09      -82.5       -75.5       55.999      173.953     74.5        81.5        186.67      68.28       -86.0       -79.5       -73.5       34.546      101.608     196.434     72.0        78.0        84.5        206.594     130.736     40.405      1.769       eq25
15X15       15.0        242.994     -83.25      105.485     83.25       105.485     -87.5       -80.0       52.302      149.601     79.0        86.5        159.368     61.698      -91.0       -83.5       -77.0       35.206      101.719     172.844     75.5        82.0        89.5        179.023     124.058     40.079      2.011       eq25
15X15       20.0        179.325     -87.25      79.885      87.25       79.885      -91.5       -84.0       42.446      110.149     83.0        90.5        116.866     49.202      -95.0       -87.5       -82.0       29.669      77.281      122.125     80.5        86.0        93.5        127.811     92.681      33.411      1.793       eq25
15X15       25.0        132.6       -91.25      60.22       91.25       60.22       -96.0       -88.0       31.553      81.363      87.0        95.0        86.043      35.912      -98.5       -91.0       -85.5       24.833      62.047      91.268      84.0        89.5        97.0        94.799      72.519      28.225      1.504       eq25
15X15       28.5        108.262     -94.25      47.61       94.25       47.61       -98.0       -90.5       28.888      66.889      89.5        97.0        70.473      32.978      -102.5      -95.0       -87.5       19.484      43.313      75.527      86.0        93.5        101.0       77.978      51.917      21.309      1.287       eq25
20X20       2.0         436.474     -96.25      168.986     96.25       168.986     -100.0      -93.0       66.054      260.295     92.0        99.0        278.347     87.319      -103.5      -98.0       -91.0       30.693      113.954     291.305     89.5        96.5        102.0       303.485     160.845     39.645      1.418       eq25
20X20       5.5         371.314     -100.25     141.153     100.25      141.153     -104.0      -97.5       63.432      203.865     96.5        103.0       220.74      79.464      -107.5      -100.5      -95.0       35.9        134.928     238.885     93.5        99.0        106.0       249.817     171.751     43.214      1.778       eq25
20X20       10.0        290.867     -105.25     111.189     105.25      111.189     -109.5      -101.5      51.822      168.297     100.5       108.5       178.005     61.739      -112.0      -106.5      -98.5       37.71       89.824      190.453     97.0        105.0       110.5       195.823     115.572     44.566      1.98        eq25
20X20       15.0        250.086     -111.25     100.025     111.25      100.025     -115.5      -108.0      52.523      138.803     107.0       114.5       147.276     61.027      -118.0      -111.5      -106.0      39.554      96.695      153.886     104.5       110.0       116.5       160.808     116.419     46.032      2.23        eq25
20X20       20.0        186.673     -116.75     75.48       116.75      75.48       -121.5      -113.0      39.898      105.635     112.0       120.5       111.01      45.191      -124.0      -117.5      -111.0      31.952      68.571      115.145     110.5       116.0       122.5       116.819     82.369      35.913      1.981       eq25
20X20       25.0        138.83      -122.25     56.401      122.25      56.401      -127.0      -118.5      31.466      77.623      117.5       126.0       81.499      35.212      -129.5      -123.0      -116.5      25.752      51.581      84.512      115.0       121.5       128.0       87.754      61.219      28.631      1.657       eq25
20X20       28.5        113.764     -125.75     47.013      125.75      47.013      -130.0      -122.5      28.315      61.88       121.5       129.0       65.221      31.797      -134.0      -127.0      -121.5      20.862      40.694      65.221      120.0       125.5       132.5       68.965      48.288      22.666      1.427       eq25
24X24       2.0         441.117     -116.25     162.13      116.25      162.131     -120.0      -114.0      65.781      223.901     113.0       119.0       244.794     86.004      -123.5      -118.0      -111.0      31.713      111.075     271.891     109.5       116.5       122.0       282.413     154.656     40.414      1.564       eq25
24X24       5.5         375.076     -121.25     130.974     121.25      130.974     -125.5      -118.0      54.472      196.88      117.0       124.5       210.693     67.115      -128.5      -122.0      -115.0      35.615      114.042     228.262     113.5       120.5       127.0       235.422     148.017     42.164      1.884       eq25
24X24       10.0        295.427     -127.25     104.191     127.25      104.191     -131.5      -123.5      50.05       156.705     122.5       130.5       165.605     59.067      -134.0      -128.5      -121.5      37.358      84.57       172.145     120.0       127.0       132.5       178.725     108.221     43.484      2.059       eq25
24X24       15.0        256.142     -134.25     98.21       134.25      98.21       -139.0      -131.5      49.688      128.389     130.5       138.0       136.515     57.031      -141.5      -134.0      -128.5      38.754      101.268     147.798     127.0       132.5       140.0       152.841     118.54      44.172      2.333       eq25
24X24       20.0        190.059     -141.25     70.216      141.25      70.216      -145.5      -137.5      40.594      97.828      136.5       144.5       102.798     45.885      -148.5      -142.0      -136.5      31.427      63.988      102.798     135.0       140.5       147.0       108.178     76.459      34.904      2.031       eq25
24X24       25.0        /
24X24       28.5        116.618     -152.25     43.973      152.25      43.973      -156.0      -149.0      28.734      57.594      148.0       155.0       60.674      32.129      -160.0      -151.5      -146.0      21.185      47.41       65.071      144.5       150.0       158.5       67.147      53.886      23.039      1.467       eq25
4X4         2.0         407.165     -19.75      203.39      19.75       203.39      -24.0       -17.0       51.65       315.441     16.0        23.0        344.15      76.099      -26.5       -21.0       -14.0       20.668      147.9       379.305     12.5        19.5        25.0        391.244     214.736     34.737      0.336       eq25
4X4         5.5         325.15      -20.75      157.043     20.75       157.043     -25.0       -18.0       44.832      244.541     17.0        24.0        267.988     62.594      -27.5       -22.0       -15.0       22.036      115.413     298.107     13.5        20.5        26.0        309.109     165.643     32.552      0.492       eq25
4X4         10.0        240.355     -21.75      117.894     21.75       117.894     -25.5       -18.5       43.809      188.94      17.5        24.5        203.826     58.756      -28.0       -22.5       -15.5       22.695      99.855      222.283     14.0        21.0        26.5        229.11      136.12      32.818      0.578       eq25
4X4         15.0        196.342     -22.75      102.649     22.75       102.649     -27.0       -20.0       37.389      149.322     19.0        26.0        161.925     48.755      -30.0       -23.5       -18.0       19.105      88.725      171.631     16.5        22.0        28.5        181.225     116.546     25.651      0.639       eq25
4X4         20.0        140.36      -23.75      75.323      23.75       75.323      -28.0       -20.5       29.033      111.441     19.5        27.0        119.009     37.35       -32.0       -24.5       -19.0       13.228      65.68       122.035     17.5        23.0        30.5        128.556     84.82       16.604      0.554       eq25
4X4         25.0        101.072     -25.25      51.042      25.25       51.042      -29.0       -21.5       22.608      80.609      20.5        28.0        85.851      28.67       -32.5       -27.0       -19.5       11.212      36.03       89.787      18.0        25.5        31.0        93.604      48.813      14.44       0.453       eq25
4X4         28.5        81.816      -25.75      42.973      25.75       42.973      -30.5       -22.5       15.684      63.647      21.5        29.5        68.157      19.66       -33.5       -26.0       -20.5       9.135       41.198      71.603      19.0        24.5        32.0        75.104      51.712      11.543      0.391       eq25
7X7         2.0         416.562     -31.75      210.26      31.75       210.26      -36.0       -29.0       59.028      316.235     28.0        35.0        342.873     84.257      -38.5       -33.0       -27.0       25.806      156.289     362.384     25.5        31.5        37.0        380.367     221.184     41.166      0.575       eq25
7X7         5.5         342.635     -33.25      166.43      33.25       166.43      -37.0       -30.0       62.041      261.842     29.0        36.0        281.275     83.428      -40.5       -33.5       -28.0       26.426      158.052     295.515     26.5        32.0        39.0        308.997     207.487     35.578      0.864       eq25
7X7         10.0        256.975     -34.75      130.011     34.75       130.011     -38.5       -31.5       54.574      196.471     30.5        37.5        210.015     70.509      -42.0       -35.5       -29.5       26.475      112.414     220.002     28.0        34.0        40.5        229.734     147.503     34.061      1.089       eq25
7X7         15.0        212.746     -36.75      107.655     36.75       107.655     -41.0       -33.5       44.21       159.563     32.5        40.0        170.645     55.348      -45.0       -37.5       -32.0       23.231      94.216      175.159     30.5        36.0        43.5        185.144     121.078     27.732      1.092       eq25
7X7         20.0        152.646     -38.75      75.836      38.75       75.836      -43.5       -35.5       29.714      112.442     34.5        42.5        120.563     36.285      -46.0       -40.5       -34.0       20.416      54.943      123.941     32.5        39.0        44.5        131.567     72.729      24.956      1.006       eq25
7X7         25.0        110.815     -40.75      54.065      40.75       54.065      -45.0       -36.5       24.219      86.019      35.5        44.0        90.677      29.354      -48.5       -42.0       -36.5       14.991      43.438      86.019      35.0        40.5        47.0        92.575      56.238      17.602      0.864       lt25
7X7         28.5        89.93       -41.75      45.446      41.75       45.446      -46.0       -37.5       21.014      70.45       36.5        45.0        74.119      25.378      -49.5       -42.0       -36.5       12.931      43.715      74.119      35.0        40.5        47.5        77.979      54.009      16.366      0.763       lt25
