deriv_1, deriv_2, dose_1, dose_2, dose_0, second_deriv_1, second_deriv_2, second_dose_1, second_dose_2

depth                                                                                                         20X20                                                                                                         
2.0                                                                                                           -9.555, 9.555, 204.056, 204.056, 483.968, -9.96, -9.26, 64.962, 302.18, -9.96, -9.26, 64.962, 302.18          
5.5                                                                                                           -9.905, 9.905, 199.869, 199.869, 481.001, -10.26, -9.71, 86.848, 264.875, -10.26, -9.71, 86.848, 264.875      
10.0                                                                                                          -10.405, 10.405, 154.672, 154.672, 373.435, -10.76, -10.11, 75.614, 218.151, -10.76, -10.11, 75.614, 218.151  
15.0                                                                                                          -10.975, 10.975, 112.519, 112.519, 280.031, -11.36, -10.61, 57.24, 165.429, -11.36, -10.61, 57.24, 165.429    
20.0                                                                                                          -11.505, 11.505, 86.807, 86.807, 208.815, -11.96, -11.21, 43.046, 117.241, -11.96, -11.21, 43.046, 117.241    
25.0                                                                                                          -12.055, 12.055, 64.894, 64.893, 156.45, -12.41, -11.76, 39.053, 86.625, -12.41, -11.76, 39.053, 86.625       
28.5                                                                                                          -12.405, 12.405, 53.997, 53.997, 128.23, -12.81, -12.16, 31.092, 68.619, -12.81, -12.16, 31.092, 68.619       
