FS          d_cm        D(0)        p1d1sx      D(p1d1sx)   p1d1dx      D(p1d1dx)   p1d2sx      p2d2sx      D(p1d2sx)   D(p2d2sx)   p1d2dx      p2d2dx      D(p1d2dx)   D(p2d2dx)   p1d3sx      p2d3sx      p3d3sx      D(p1d3sx)   D(p2d3sx)   D(p3d3sx)   p1d3dx      p2d3dx      p3d3dx      D(p1d3dx)   D(p2d3dx)   D(p3d3dx)   D(IP-25)    off25
10X10       2.0         478.86      -4.775      22.205      4.775       22.205      -5.2        -4.5        6.641       33.456      4.4         5.1         36.378      9.22        -5.45       -4.9        -4.2        3.232       16.618      40.092      4.05        4.75        5.3         41.5        23.342      4.82        0.954       eq25
10X10       5.5         457.443     -4.975      20.086      4.975       20.086      -5.35       -4.6        7.88        33.211      4.5         5.25        35.479      10.376      -5.7        -5.05       -4.5        3.676       17.148      35.479      4.35        4.9         5.55        37.777      23.058      4.766       1.427       eq25
10X10       10.0        348.652     -5.175      16.873      5.175       16.873      -5.65       -4.85       6.118       24.829      4.75        5.55        26.49       7.672       -5.9        -5.25       -4.6        3.96        14.775      28.221      4.45        5.1         5.75        29.262      18.954      4.994       1.725       eq25
10X10       15.0        253.795     -5.475      11.9        5.475       11.9        -5.95       -5.15       4.766       17.532      5.05        -5.95       18.769      4.766       -6.2        -5.55       -4.9        3.369       10.473      20.11       4.75        5.4         6.05        20.942      13.332      4.042       1.689       eq25
10X10       20.0        185.645     -5.725      9.079       5.725       9.079       -6.15       -5.4        4.294       12.915      5.3         6.05        13.745      5.156       -6.5        -5.85       -5.2        2.712       7.434       14.387      5.05        5.7         6.35        15.053      9.412       3.158       1.508       eq25
10X10       25.0        137.266     -6.025      6.479       6.025       6.479       -6.45       -5.7        3.194       9.282       -5.7        6.35        9.282       3.771       -6.8        -6.05       -5.5        2.14        6.245       10.424      5.35        5.9         6.65        10.965      7.643       2.439       1.254       eq25
10X10       28.5        111.818     -6.175      5.512       6.175       5.512       -6.7        -5.85       2.409       7.687       5.75        -6.7        8.168       2.409       -6.95       -6.2        -5.65       1.846       5.325       8.547       5.5         6.05        6.8         8.949       6.431       2.125       1.092       eq25
15X15       2.0         486.965     -7.175      21.0        7.175       21.0        -7.6        -6.9        6.728       31.115      6.8         7.5         33.709      9.114       -7.95       -7.25       -6.6        3.036       17.912      36.962      6.45        7.1         7.8         38.206      24.063      3.941       1.314       eq25
15X15       5.5         474.259     -7.425      20.494      7.425       20.494      -7.9        -7.15       6.856       29.538      7.05        7.8         31.974      8.771       -8.05       -7.4        -6.85       5.013       21.404      35.166      6.7         7.25        7.9         36.456      26.575      6.856       1.903       eq25
15X15       10.0        365.024     -7.825      15.165      7.825       15.165      -8.2        -7.45       7.211       23.569      7.35        8.1         25.046      8.871       -8.45       -7.9        -7.15       4.755       13.276      26.942      7.0         7.75        8.3         27.743      17.07       5.959       2.195       eq25
15X15       15.0        270.329     -8.225      11.552      8.225       11.552      -8.7        -7.9        5.127       16.692      7.8         8.6         17.831      6.028       -8.85       -8.2        -7.65       4.233       11.988      19.072      7.5         8.05        8.7         19.856      14.526      5.127       2.17        eq25
15X15       20.0        200.061     -8.625      8.728       8.625       8.728       -9.1        -8.25       4.198       12.701      8.15        9.0         13.416      4.851       -9.25       -8.6        -7.95       3.535       9.03        14.364      7.8         8.45        9.1         14.788      10.784      4.198       1.939       eq25
15X15       25.0        149.354     -9.025      6.639       9.025       6.639       -9.5        -8.7        3.368       9.149       8.6         9.4         9.71        3.849       -9.75       -9.0        -8.35       2.659       6.853       10.625      8.2         8.85        9.6         10.935      8.091       3.01        1.645       eq25
15X15       28.5        121.542     -9.325      5.296       9.325       5.296       -9.8        -8.95       2.774       7.568       -8.95       9.7         7.568       3.138       -9.85       -9.3        -8.45       2.628       5.466       8.889       8.3         9.15        9.7         9.045       6.455       3.138       1.403       eq25
20X20       2.0         483.826     -9.625      17.682      9.625       17.682      -10.0       -9.3        6.655       28.333      9.2         9.9         30.548      8.848       -10.35      -9.7        -9.1        3.193       14.981      32.168      8.95        9.55        10.2        33.687      20.42       4.046       1.513       eq25
20X20       5.5         480.939     -9.925      19.268      9.925       19.268      -10.4       -9.6        6.868       28.438      -9.6        10.3        28.438      8.631       -10.75      -10.0       -9.45       4.109       16.82       31.051      9.3         9.85        10.6        32.629      21.686      4.809       2.199       eq25
20X20       10.0        373.425     -10.425     14.949      10.425      14.949      -10.85      -10.15      6.845       20.652      10.05       -10.85      22.193      6.845       -11.15      -10.6       -9.85       4.563       11.056      24.277      9.7         10.45       11.0        25.154      14.378      5.378       2.482       eq25
20X20       15.0        280.078     -10.975     11.246      10.975      11.246      -11.4       -10.65      5.713       15.777      10.55       11.3        16.761      6.693       -11.65      -11.1       -10.45      4.259       9.322       17.516      10.3        10.95       11.5        18.286      11.637      4.977       2.432       eq25
20X20       20.0        208.738     -11.525     8.441       11.525      8.441       -11.95      -11.25      4.601       11.179      11.15       11.85       11.95       5.286       -12.35      -11.7       -10.95      3.266       6.608       13.047      10.8        11.55       12.2        13.536      8.172       3.563       2.162       eq25
20X20       25.0        156.457     -12.075     6.327       12.075      6.327       -12.5       -11.75      3.633       8.567       11.65       12.4        9.073       4.116       -12.85      -12.15      -11.55      2.725       5.761       9.472       11.4        12.0        12.7        9.892       6.895       2.99        1.835       eq25
20X20       28.5        128.201     -12.425     5.267       12.425      5.267       -12.9       -12.1       2.923       7.027       12.0        12.8        7.421       3.277       -13.2       -12.65      -11.9       2.32        3.97        7.73        11.75       12.5        13.05       8.066       4.817       2.546       1.689       lt25
24X24       2.0         /
24X24       5.5         486.409     -12.025     17.75       12.025      17.75       -12.4       -11.75      8.112       25.198      -11.75      -12.4       25.198      8.112       -12.65      -12.0       -11.45      5.061       18.497      29.79       11.3        11.85       12.5        30.827      22.76       6.557       2.344       eq25
24X24       10.0        379.681     -12.625     13.903      12.625      13.903      -13.1       -12.3       6.059       19.959      12.2        13.0        21.243      7.164       -13.35      -12.6       -11.95      4.544       14.428      23.159      11.8        12.45       13.2        23.737      17.448      5.27        2.603       eq25
24X24       15.0        286.809     -13.275     10.767      13.275      10.767      -13.7       -12.95      5.664       14.884      -12.95      13.6        14.884      6.574       -13.95      -13.3       -12.8       4.294       10.409      16.129      12.65       13.15       13.8        16.935      12.519      4.974       2.587       eq25
24X24       20.0        214.977     -13.975     7.803       13.975      7.803       -14.4       -13.65      4.404       10.752      13.55       14.3        11.425      4.994       -14.65      -13.9       -13.35      3.523       8.541       12.36       13.2        13.75       14.5        12.774      9.942       3.959       2.637       lt25
24X24       25.0        161.558     -14.625     5.988       14.625      5.988       -15.1       -14.25      3.363       8.307       14.15       15.0        8.728       3.744       -15.25      -14.6       -14.2       2.969       6.162       8.53        14.05       14.45       15.1        9.053       7.181       3.363       1.88        eq25
24X24       28.5        132.646     -15.025     5.093       15.025      5.093       -15.5       -14.6       2.926       7.042       -14.6       15.4        7.042       3.261       -15.85      -15.1       -14.25      2.303       4.683       7.757       14.1        14.95       15.7        7.915       5.501       2.485       1.632       eq25
4X4         2.0         451.425     -2.025      21.469      2.025       21.469      -2.4        -1.75       6.562       33.88       -1.75       2.3         33.88       9.531       -2.7        -2.05       -1.4        2.215       20.242      42.072      1.25        1.9         2.55        43.315      27.522      3.664       0.375       eq25
4X4         5.5         432.974     -2.075      21.486      2.075       21.486      -2.45       -1.8        7.578       32.593      1.7         2.35        35.612      10.487      -2.8        -2.05       -1.5        2.59        22.587      39.559      1.35        1.9         2.65        41.062      28.919      3.879       0.622       eq25
4X4         10.0        314.413     -2.175      15.871      2.175       15.871      -2.65       -1.8        4.518       25.711      -1.8        2.55        25.711      6.095       -2.9        -2.25       -1.5        2.432       13.591      29.338      1.35        2.1         2.75        30.075      18.152      3.411       0.731       eq25
4X4         15.0        222.181     -2.275      11.578      2.275       11.578      -2.75       -2.0        3.628       16.774      1.9         2.65        18.19       4.776       -3.0        -2.35       -1.6        2.046       10.022      20.654      1.45        2.2         2.85        21.18       13.121      2.801       0.706       eq25
4X4         20.0        158.822     -2.375      8.511       2.375       8.511       -2.85       -2.1        2.866       12.082      2.0         -2.85       13.047      2.866       -3.1        -2.45       -1.8        1.656       7.433       14.356      1.65        2.3         2.95        14.899      9.575       2.243       0.615       eq25
4X4         25.0        115.078     -2.525      5.805       2.525       5.805       -2.95       -2.2        2.253       8.791       2.1         2.85        9.458       2.879       -3.2        -2.45       -1.9        1.322       6.562       10.366      1.75        2.3         3.05        10.747      7.983       1.78        0.509       eq25
4X4         28.5        93.219      -2.575      4.919       2.575       4.919       -3.05       -2.3        1.766       6.944       -2.3        2.95        6.944       2.241       -3.4        -2.65       -2.0        0.931       4.316       8.3         1.85        2.5         3.25        8.649       5.518       1.161       0.441       eq25
7X7         2.0         464.263     -3.225      21.097      3.225       21.097      -3.55       -2.95       8.076       33.276      2.85        3.45        36.585      11.326      -3.85       -3.3        -2.6        2.953       17.577      41.593      2.45        3.15        3.7         42.94       24.668      4.731       0.628       eq25
7X7         5.5         444.891     -3.275      22.831      3.275       22.831      -3.75       -3.0        6.601       33.131      2.9         3.65        35.814      8.937       -4.0        -3.35       -2.8        3.447       19.679      37.837      2.65        3.2         3.85        39.816      25.94       4.933       1.012       eq25
7X7         10.0        329.19      -3.475      16.021      3.475       16.021      -3.9        -3.1        5.879       25.565      3.0         3.8         27.192      7.618       -4.2        -3.55       -2.9        3.162       13.836      28.387      2.75        3.4         4.05        29.553      18.213      4.122       1.197       eq25
7X7         15.0        236.259     -3.675      11.277      3.675       11.277      -4.05       -3.3        5.01        17.957      -3.3        3.95        17.957      6.324       -4.4        -3.75       -3.1        2.648       9.792       20.047      2.95        3.6         4.25        20.949      12.78       3.299       1.185       eq25
7X7         20.0        172.761     -3.825      8.766       3.825       8.766       -4.25       -3.5        3.754       12.851      3.4         -4.25       13.743      3.754       -4.6        -4.05       -3.3        2.132       5.757       14.435      3.15        3.9         4.45        15.141      7.717       2.582       1.127       eq25
7X7         25.0        124.993     -4.025      6.19        4.025       6.19        -4.45       -3.75       2.751       8.712       3.65        4.35        9.437       3.361       -4.75       -4.1        -3.35       1.729       5.462       10.824      3.2         3.95        4.6         11.169      6.922       2.109       0.972       lt25
7X7         28.5        102.415     -4.125      5.288       4.125       5.288       -4.6        -3.85       2.248       7.271       3.75        4.5         7.828       2.703       -4.85       -4.3        -3.45       1.57        3.955       8.888       3.3         4.15        4.7         9.156       5.092       1.905       0.941       lt25
