FS          d_cm        ini_bin     bin         D(0)        p1d1sx      D(p1d1sx)   p1d1dx      D(p1d1dx)   p1d2sx      p2d2sx      D(p1d2sx)   D(p2d2sx)   p1d2dx      p2d2dx      D(p1d2dx)   D(p2d2dx)   p1d3sx      p2d3sx      p3d3sx      D(p1d3sx)   D(p2d3sx)   D(p3d3sx)   p1d3dx      p2d3dx      p3d3dx      D(p1d3dx)   D(p2d3dx)   D(p3d3dx)   D(IP-25)    off25       params
7X7         2.0         0.5         0.1         419.41      -37.4       38.387      31.9        224.57      -58.75      -21.75      5.6949      398.345     28.35       35.45       349.639     95.5678     -58.8       -58.7       -18.9       5.67414     5.71566     405.472     26.0        31.5        38.4        384.4       241.33      41.9398     0.545       lt25        0.92468     -21.7511    7824.75505  -1974.01965 146.84701   -0.05108    29.13232    -1.58201    25.98115    14.71567
7X7         5.5         0.5         0.1         343.24      -34.4       145.74      33.1        187.478     -37.85      -30.75      53.5104     248.69      29.55       36.75       283.11      85.475      -40.0       -35.1       -27.1       29.864      123.796     300.81      27.2        32.7        39.9        309.826     200.238     41.2018     0.83965     eq25        0.07478     -37.43618   2.27429     20.65722    14.80278    -0.06009    30.24983    -1.66663    26.24339    11.49779
7X7         10.0        0.5         0.1         257.51      -36.1       111.808     34.8        141.322     -39.65      -32.25      45.3096     187.81      31.05       38.65       212.067     66.9072     -41.9       -36.9       -28.5       27.8786     94.1        224.4       28.5        34.3        41.9        231.73      152.622     35.4166     1.0481      lt25        0.08414     -39.23578   2.26577     24.07498    9.2287      -0.07993    31.75127    -1.70078    22.57309    9.76295
7X7         15.0        0.5         0.1         211.87      -38.2       94.1898     36.9        116.696     -42.15      -34.15      38.9509     152.995     32.85       40.95       174.774     57.8781     -44.5       -39.2       -29.9       25.554      77.4164     185.06      30.1        36.3        44.4        189.9       126.916     32.0952     1.0683      eq25        0.12579     -41.68858   2.37459     16.00477    11.29293    -0.06777    33.57807    -1.70205    44.73301    3.98902
7X7         20.0        0.5         0.1         151.79      -40.1       67.8506     38.7        84.3402     -44.05      -35.95      30.1442     110.789     34.55       42.85       125.098     42.7772     -46.6       -40.9       -31.8       19.8154     58.8802     132.04      31.8        38.0        46.4        135.538     92.358      24.5452     0.98564     lt25        0.10392     -43.57802   2.22058     33.40814    3.7877      -0.10093    35.2879     -1.76629    30.59582    4.09926
7X7         25.0        0.5         0.1         111.07      -42.0       50.336      40.6        61.7928     -46.05      -37.75      22.5987     80.413      36.25       45.05       91.372      30.867      -48.6       -43.0       -33.2       15.7216     41.971      96.7858     33.3        40.0        48.7        99.4682     66.599      18.4726     0.88239     lt25        0.12185     -45.67038   2.44292     37.85713    2.42186     -0.11098    37.11753    -1.60827    36.54036    2.49737
7X7         28.5        0.5         0.1         90.323      -43.2       41.3846     41.8        50.4046     -47.45      -38.85      18.6566     66.0037     37.45       46.25       74.0092     25.8145     -50.1       -44.2       -34.5       12.9566     35.113      78.459      34.6        41.2        50.0        80.145      54.1402     15.329      0.77731     lt25        0.12542     -46.93115   2.26198     43.96612    1.68126     -0.11056    38.31822    -1.66112    46.84597    1.56186
10X10       2.0         0.5         0.1         427.5       -49.4       167.654     48.1        218.414     -52.75      -45.85      58.646      290.011     44.55       51.65       337.63      96.8659     -54.8       -50.2       -42.1       30.4042     136.688     355.116     42.2        47.6        54.6        370.158     238.334     45.7834     0.85419     eq25        0.05893     -52.39078   2.42359     27.44504    13.33171    -0.05282    45.26724    -1.64229    26.54501    13.70196
10X10       5.5         0.5         0.1         355.32      -51.4       141.638     50.0        183.35      -54.85      -47.65      56.1025     240.553     46.35       53.85       275.897     84.2032     -57.0       -52.3       -43.7       34.048      115.346     291.434     43.8        49.6        56.9        302.314     195.454     44.4376     1.16876     eq25        0.06187     -54.52875   2.47836     35.00281    8.33346     -0.06405    47.10736    -1.59274    24.77114    11.68493
10X10       10.0        0.5         0.1         271.36      -53.9       111.79      52.6        138.784     -57.55      -50.05      48.4512     182.349     48.65       56.55       208.411     68.15       -59.8       -54.9       -45.8       32.6234     91.371      220.712     46.0        52.2        59.8        227.2       147.138     39.09       1.36636     eq25        0.08874     -57.24205   2.54059     26.0143     8.19737     -0.06675    49.58365    -1.46905    33.05216    6.39788
10X10       15.0        0.5         0.1         224.16      -57.0       95.302      55.7        115.798     -61.05      -52.75      43.2991     153.345     51.35       59.95       172.856     59.2399     -63.5       -58.0       -48.4       30.805      80.021      182.028     48.5        55.2        63.5        187.75      123.598     35.75       1.5152      eq25        0.09044     -60.59045   2.41508     35.17946    4.88006     -0.08342    52.37486    -1.48944    31.07841    5.49761
10X10       20.0        0.5         0.1         162.95      -59.9       69.7146     58.5        84.822      -64.05      -55.55      33.3407     110.331     54.05       63.05       124.697     43.4131     -66.5       -61.0       -50.7       24.741      58.096      132.384     50.9        58.1        66.6        136.076     89.2108     28.0368     1.33444     eq25        0.07748     -63.63179   2.5813      75.45633    1.6162      -0.08289    55.26242    -1.31072    44.29549    2.73778
10X10       25.0        0.5         0.1         120.53      -62.8       51.4982     61.3        63.1752     -66.95      -58.25      25.8879     81.7545     56.75       65.85       92.2125     33.6311     -69.5       -63.9       -53.4       19.53       43.3204     97.2622     53.6        60.8        69.5        100.1366    67.02       22.168      1.12228     eq25        0.10209     -66.54088   2.58074     62.66525    1.4092      -0.08603    57.83671    -1.41519    61.67601    1.42445
10X10       28.5        0.5         0.1         97.857      -76.4       13.3152     63.1        51.463      -93.95      -49.45      8.74709     84.4956     58.45       67.65       74.8267     28.1502     -92.9       -53.9       -45.1       9.00626     80.353      86.8968     55.3        62.5        71.5        81.2526     55.163      18.45       0.87357     lt25        3.09397     -49.49074   53360.25857 -10907.13416            47.60859    -0.04634    59.49994    -1.4987     282.97302   0.24981
20X20       2.0         0.5         0.1         437.11      -150.5      8.4369      111.3       21.8536     -150.45     -0.85       8.436       437.347     78.25       147.75      338.71      8.65835     -34.1       -0.9        -0.8        407.76      437.358     437.336     72.7        147.7       147.8       348.124     8.663       8.6537      0.84369     lt25        3.55515     -53.59301   24378.41925 -7118.52053 352.47332   -2.24682    78.26264    24135.0419  -4453.0654  181.34629
20X20       5.5         0.5         0.1         368.99      -150.0      10.849      100.5       160.4       -149.95     -58.95      10.8505     312.172     96.75       104.25      237.23      80.466      -149.9      -78.3       -0.3        10.852      282.582     369.038     94.3        100.0       107.4       257.066     172.15      46.6748     1.0849      lt25        4.39852     -58.90435   26710.8452  -5767.26412 415.46264   -0.06353    97.53708    -1.64144    31.44708    7.54243
20X20       10.0        0.5         0.1         289.18      -107.3      99.9028     105.5       126.64      -110.95     -103.35     49.6546     158.14      101.65      109.45      182.869     67.5377     -113.2      -108.2      -99.2       37.1908     85.2052     187.008     99.1        105.0       112.7       197.984     135.38      43.5612     1.95852     eq25        0.03326     -110.60988  2.49559     230.16366   0.74187     -0.07089    102.44281   -1.62914    36.91385    4.72266
20X20       15.0        0.5         0.1         250.75      -113.4      89.8472     111.8       107.62      -117.45     -109.25     47.6158     137.265     107.55      116.15      154.511     59.5455     -119.9      -114.4      -104.9      37.2366     77.4686     161.436     104.7       111.3       119.6       166.978     114.77      41.513      2.18376     eq25        0.04963     -116.97131  2.3634      139.91928   1.00129     -0.06949    108.52584   -1.52087    54.16699    2.60907
20X20       20.0        0.5         0.1         184.96      -118.9      68.4584     117.5       80.756      -123.15     -114.35     38.3426     102.953     113.25      121.75      112.57      48.2195     -125.9      -119.8      -110.0      30.417      60.6692     118.94      110.6       116.8       125.5       118.734     86.5236     33.807      1.92702     eq25        0.0655      -122.65389  2.24121     123.16833   0.81568     -0.06274    113.96854   -1.86407    110.91515   0.8786
20X20       25.0        0.5         0.1         138.81      -124.8      50.4406     123.3       58.174      -129.15     -120.25     29.2546     75.0875     118.55      127.95      83.1655     34.6559     -131.7      -125.9      -115.3      24.343      44.1766     86.2942     115.3       122.8       131.7       88.6402     61.4722     25.7832     1.62476     eq25        0.09015     -128.7053   2.53184     102.54696   0.69783     -0.0848     119.84057   -1.31858    78.54041    0.9085
20X20       28.5        0.5         0.1         113.94      -128.6      41.508      127.2       46.5522     -133.35     -123.55     24.1925     61.4839     121.95      132.55      67.9132     27.0017     -136.1      -129.9      -117.9      19.9684     35.7796     71.6514     117.9       127.5       136.2       73.7166     45.135      20.491      1.37634     eq25        0.09444     -132.8861   2.63866     142.45202   0.41445     -0.05084    130.67123   1.06562     284.79546   0.21035
