FS          d_cm        ini_bin     bin         D(0)        p1d1sx      D(p1d1sx)   p1d1dx      D(p1d1dx)   p1d2sx      p2d2sx      D(p1d2sx)   D(p2d2sx)   p1d2dx      p2d2dx      D(p1d2dx)   D(p2d2dx)   p1d3sx      p2d3sx      p3d3sx      D(p1d3sx)   D(p2d3sx)   D(p3d3sx)   p1d3dx      p2d3dx      p3d3dx      D(p1d3dx)   D(p2d3dx)   D(p3d3dx)   D(IP-25)    off25       params
4X4         2.0         0.5         0.1         421.05      -20.8       187.428     19.8        235.288     -23.85      -17.65      62.3889     320.521     16.75       23.05       359.695     99.5842     -25.9       -21.3       -14.8       26.435      163.578     382.564     14.6        19.4        25.8        396.268     254.206     41.1768     0.35397     eq25        0.05985     -23.39565   1.87491     16.40633    24.36394    -0.06668    17.27531    -1.74531    12.77925    31.14141
4X4         5.5         0.5         0.1         337.62      -21.6       154.32      20.7        186.722     -24.85      -18.35      54.6407     257.85      17.45       23.95       288.351     83.934      -27.0       -22.1       -15.4       26.82       136.574     305.978     15.3        20.2        26.8        315.38      204.716     38.0384     0.47208     lt25        0.05198     -24.31898   1.82456     29.80358    10.52231    -0.06021    17.99047    -1.76766    21.50111    14.50613
4X4         10.0        0.5         0.1         249.32      -22.7       114.83      21.7        140.078     -26.05      -19.25      43.0227     192.145     18.35       25.15       212.988     63.2959     -28.2       -23.2       -16.3       23.608      102.238     225.462     16.1        21.2        28.0        232.546     152.766     31.441      0.60138     eq25        0.07778     -25.43711   1.79904     19.24473    11.81143    -0.07265    18.97992    -1.73065    21.3704     10.58745
7X7         2.0         0.5         0.1         430.7       -33.2       188.584     32.4        222.474     -36.65      -29.65      63.6624     322.021     28.85       35.85       353.148     94.4548     -38.9       -33.8       -26.6       29.6582     163.036     380.386     26.5        32.0        38.7        388.36      239.77      41.8868     0.62397     eq25        0.04298     -36.06954   1.87715     39.50407    9.97447     -0.04895    29.74932    -1.39839    25.09398    15.43309
7X7         5.5         0.5         0.1         352.08      -36.7       90.358      33.7        183.562     -55.25      -23.05      10.4445     330.891     30.05       37.35       284.818     81.3472     -55.3       -55.2       -20.6       10.4228     10.4662     336.572     27.5        33.3        40.3        315.16      196.686     40.5366     0.87668     lt25        1.10781     -23.042     9058.12921  -1665.83849 144.98138   -0.05585    30.93217    -1.39322    26.82766    11.44894
7X7         10.0        0.5         0.1         265.2       -36.2       121.174     35.4        139.686     -39.95      -32.45      48.2269     196.763     31.55       39.25       214.207     63.8        -42.3       -36.9       -29.0       29.421      104.878     232.31      28.9        35.1        42.3        235.47      146.634     34.7296     1.0906      lt25        0.08351     -39.33189   1.90729     21.35259    10.67872    -0.07875    32.62002    -1.30913    19.33483    11.62139
10X10       2.0         0.5         0.1         438.27      -49.4       181.368     48.5        217.41      -52.85      -45.95      63.7346     304.311     44.95       52.05       338.519     93.2202     -55.0       -50.1       -42.6       33.421      153.242     363.966     42.6        48.2        54.9        371.428     229.41      44.0668     0.91678     eq25        0.05741     -52.36604   2.07877     25.09342    14.85571    -0.0518     45.89826    -1.3818     24.24488    15.10616
10X10       5.5         0.5         0.1         363.95      -51.4       152.99      50.6        177.422     -55.05      -47.75      59.403      251.56      46.85       54.35       275.742     79.9717     -57.3       -52.2       -44.2       36.1582     128.838     299.804     44.2        50.2        57.3        304.256     189.858     42.9272     1.2135      eq25        0.06187     -54.5424    2.13554     30.83389    9.65863     -0.06511    47.86361    -1.27859    20.39974    14.2974
10X10       10.0        0.5         0.1         278.94      -58.7       42.5704     53.1        138.322     -79.25      -40.15      14.1565     247.172     49.15       57.15       209.35      64.0122     -79.3       -79.2       -37.0       14.1448     14.1682     252.21      46.3        52.9        60.2        231.03      142.654     38.129      1.4005      lt25        1.81929     -40.11429   28649.60044 -3729.88204 171.85976   -0.06437    50.51759    -1.08779    28.78429    7.46359
15X15       2.0         0.5         0.1         446.98      -73.8       165.924     82.3        26.7854     -77.15      -70.35      62.1773     278.074     61.35       106.75      362.411     9.7424      -79.2       -74.5       -66.9       36.0696     140.6       334.766     57.7        106.7       106.8       370.958     9.74954     9.73526     0.95432     lt25        0.05951     -76.72699   2.21135     26.59552    12.70155    -1.35657    61.30943    22490.61656 -4621.28119 163.28556
15X15       5.5         0.5         0.1         374.7       -76.7       144.46      75.9        166.714     -80.25      -73.05      61.376      234.757     72.15       79.65       255.231     78.1215     -82.5       -77.4       -69.6       39.788      125.152     275.826     69.5        75.6        82.6        280.29      175.096     45.1442     1.2933      lt25        0.05981     -79.7836    2.08263     35.46243    7.57209     -0.06285    73.2641     -1.19173    23.36119    11.27326
15X15       10.0        0.5         0.1         291.53      -80.5       115.7       79.6        132.192     -84.35      -76.65      53.3856     181.688     75.75       83.55       196.345     66.5113     -86.7       -81.3       -72.9       37.9546     100.1358    212.764     73.0        79.3        86.6        214.72      138.22      42.2312     1.8146      eq25        0.07389     -83.80795   2.11323     35.92263    5.52961     -0.05473    76.76912    -1.3209     47.88963    4.04253
