FS          d_cm        ini_bin     bin         D(0)        p1d1sx      D(p1d1sx)   p1d1dx      D(p1d1dx)   p1d2sx      p2d2sx      D(p1d2sx)   D(p2d2sx)   p1d2dx      p2d2dx      D(p1d2dx)   D(p2d2dx)   p1d3sx      p2d3sx      p3d3sx      D(p1d3sx)   D(p2d3sx)   D(p3d3sx)   p1d3dx      p2d3dx      p3d3dx      D(p1d3dx)   D(p2d3dx)   D(p3d3dx)   D(IP-25)    off25       params
10X10       2.0         0.5         0.1         476.82      -49.2       193.886     48.2        238.736     -52.55      -45.75      68.3406     329.6       44.65       51.75       371.703     102.6935    -54.6       -49.9       -42.5       36.6752     162.732     394.87      42.3        47.8        54.6        408.644     256.34      48.1536     0.95933     eq25        0.05608     -52.08538   2.14258     23.86399    16.96366    -0.04925    45.51382    -1.46764    25.21062    15.99176
10X10       5.5         0.5         0.1         396.87      -51.1       168.738     50.2        198.644     -54.65      -47.45      67.6043     276.688     46.55       53.95       302.878     89.6361     -57.0       -51.8       -44.1       39.495      145.116     325.726     43.9        49.9        56.9        334.032     208.85      47.685      1.31364     eq25        0.06035     -54.16924   1.99598     27.72378    11.63254    -0.05206    47.48513    -1.35213    29.80168    10.76305
10X10       10.0        0.5         0.1         303.44      -53.7       131.464     52.8        152.3       -57.45      -49.85      57.3543     211.456     48.95       56.75       229.752     71.5805     -59.9       -54.4       -46.3       37.3772     115.336     246.772     46.2        52.5        59.8        251.796     159.38      42.2644     1.1125      lt25        0.06576     -56.9217    1.96917     35.38484    6.71208     -0.05967    50.09185    -1.23546    31.87189    7.35567
10X10       15.0        0.5         0.1         255.22      -56.3       109.362     55.1        130.618     -60.35      -52.15      49.3828     173.942     51.05       59.15       194.473     66.3336     -62.9       -57.2       -48.1       33.8814     93.4842     204.998     48.3        54.6        62.5        211.35      139.754     40.019      1.6629      eq25        0.09378     -59.87942   2.1948      26.97057    7.18993     -0.06289    51.96132    -1.48662    43.29656    4.45356
10X10       20.0        0.5         0.1         186.2       -59.3       79.4612     58.1        94.5078     -63.35      -55.05      37.7308     125.688     53.75       62.35       140.94      48.518      -65.8       -60.2       -50.7       27.6374     68.1652     148.916     50.8        57.7        65.7        153.884     99.576      30.8918     1.4727      eq25        0.06568     -62.86302   2.35426     82.45678    1.66733     -0.08476    55.01972    -1.24732    32.89202    4.1849
10X10       25.0        0.5         0.1         136.81      -62.0       59.537      60.9        69.631      -66.15      -57.65      29.5333     92.9731     56.45       65.25       103.169     36.246      -68.7       -62.9       -53.4       21.9908     51.5358     108.88      53.4        60.6        68.7        112.552     72.403      24.0054     1.2359      eq25        0.08638     -65.66055   2.27228     67.66318    1.45899     -0.06283    57.89793    -1.14923    82.66739    1.19633
10X10       28.5        0.5         0.1         111.82      -63.7       49.8932     62.6        57.8918     -68.05      -59.35      24.8959     76.4872     58.25       67.05       83.7135     30.4283     -70.7       -64.6       -55.2       18.5844     43.5978     88.7462     55.2        62.3        70.5        91.8006     60.0734     20.451      1.06384     eq25        0.04647     -67.44011   2.08557     284.77792   0.28101     -0.05507    59.45352    -1.28694    144.79659   0.55107
7X7         2.0         0.5         0.1         461.97      -33.2       196.112     32.2        243.948     -36.45      -29.85      65.6395     335.618     28.75       35.75       380.765     100.3105    -38.5       -33.9       -26.6       31.844      163.004     405.366     26.4        31.9        38.5        419.088     257.904     44.95       0.64565     eq25        0.04827     -36.0413    2.17612     29.88252    14.0815     -0.03603    29.63285    -1.41331    42.77653    9.77929
7X7         5.5         0.5         0.1         378.52      -35.8       120.372     33.5        199.21      -53.25      -24.35      12.123      350.288     29.95       37.15       306.505     84.6145     -53.3       -53.2       -22.3       12.0938     12.1522     356.214     27.4        33.3        40.0        339.206     205.886     42.989      0.91772     lt25        0.80345     -24.35341   8520.89343  -2068.26645 111.45679   -0.03307    31.02879    -1.19604    62.28608    5.30646
7X7         10.0        0.5         0.1         284.82      -36.1       128.234     35.2        151.156     -39.65      -32.35      52.9479     211.096     31.45       38.95       230.754     69.2813     -42.0       -36.7       -29.1       31.779      113.178     246.576     28.9        34.8        41.9        253.63      161.456     38.3484     1.1567      lt25        0.07509     -39.10939   1.89617     23.49799    10.32727    -0.06304    32.39747    -1.39804    27.78958    8.68208
7X7         15.0        0.5         0.1         237.56      -37.8       106.204     36.7        128.606     -41.55      -33.85      45.0833     174.31      32.75       40.65       193.895     60.9995     -44.0       -38.5       -30.2       28.509      92.714      205.494     30.1        36.3        43.8        212.094     136.582     34.7488     1.16952     eq25        0.09468     -41.03703   2.02573     21.35958    9.37578     -0.08125    33.70323    -1.46043    23.20003    8.58472
7X7         20.0        0.5         0.1         172.37      -39.6       79.9858     38.6        93.5448     -43.55      -35.55      35.0021     128.069     34.45       42.65       141.196     45.6995     -46.2       -40.3       -31.9       22.333      70.7208     149.168     31.7        38.1        46.0        153.91      100.2222    26.427      1.0871      lt25        0.09417     -42.96875   1.89977     30.88667    4.643       -0.08952    35.4616     -1.45699    28.65781    4.97993
7X7         25.0        0.5         0.1         125.07      -41.5       58.295      40.5        67.787      -45.55      -37.25      26.4673     93.2535     36.25       44.65       101.96      34.0325     -48.3       -42.1       -33.5       17.2454     52.619      108.33      33.4        40.0        48.1        111.246     72.576      19.9628     0.94629     lt25        0.10435     -44.90177   1.84573     36.75637    2.79268     -0.09158    37.28745    -1.43085    40.22061    2.54097
7X7         28.5        0.5         0.1         102.72      -48.4       17.0614     41.7        56.0104     -61.85      -32.35      8.75597     92.1995     37.45       46.05       83.3049     27.6314     -61.9       -35.0       -29.7       8.74358     87.909      94.62       34.5        41.3        49.5        90.977      59.0408     16.693      0.85876     lt25        2.07506     -32.36306   48045.23719 -8077.22468 56.24367    -0.10665    38.49542    -1.41654    37.28775    2.2319
20X20       2.0         0.5         0.1         483.03      -106.3      27.9482     105.7       32.1608     -139.95     -84.45      10.9111     356.154     85.25       134.75      356.39      11.2815     -122.1      -88.1       -80.7       15.7492     346.282     364.28      81.8        134.7       134.8       362.868     11.2938     11.2692     1.27052     eq25        1.08409     -84.43006   22507.21644 -8822.06264 76.06602    -1.23511    85.27365    22591.63964 -6210.77313 103.82025
20X20       5.5         0.5         0.1         408.17      -101.9      141.154     108.9       40.6514     -105.35     -98.25      62.4521     228.495     90.15       138.75      292.966     13.516      -107.5      -102.7      -94.7       42.417      119.468     271.106     87.0        138.7       138.8       299.1       13.5276     13.5044     1.89832     eq25        0.0561      -104.94191  2.2696      42.84044    6.05397     -1.21953    90.11412    25725.75514 -7473.44258 79.70388
20X20       10.0        0.5         0.1         320.3       -106.9      115.656     105.8       135.138     -110.55     -103.05     57.5232     180.25      101.95      109.65      198.004     70.6637     -113.0      -107.6      -99.5       41.41       102.2768    209.22      99.3        105.4       112.8       215.81      142.864     45.5172     2.13482     eq25        0.04848     -110.08387  2.06179     81.89436    2.32513     -0.05565    102.90552   -1.39111    47.93388    3.98478
20X20       15.0        0.5         0.1         280.92      -112.0      103.13      111.0       117.5       -115.95     -107.95     53.8351     156.715     106.75      115.25      170.65      63.505      -118.4      -112.8      -104.0      41.7716     91.246      181.83      103.9       110.7       118.5       185.172     121.97      44.076      2.4149      eq25        0.04328     -115.41701  2.15038     143.10555   1.11504     -0.08848    107.99934   -1.24974    25.26717    6.27104
20X20       20.0        0.5         0.1         210.11      -117.6      78.4268     116.4       89.3306     -121.75     -113.25     43.709      117.69      112.15      120.75      125.99      50.963      -124.5      -118.4      -109.1      34.086      70.4196     135.378     109.2       116.1       124.2       136.73      92.4494     36.3586     2.1718      eq25        0.08105     -121.19128  2.07117     62.92194    1.82857     -0.06958    113.29132   -1.32845    62.905      1.79596
20X20       25.0        0.5         0.1         156.03      -123.1      59.5324     122.1       65.8682     -127.45     -118.65     33.8781     87.2487     117.55      126.65      92.9997     38.2978     -130.1      -124.0      -114.4      27.5272     53.027      99.936      114.4       121.7       130.3       100.838     68.715      27.948      1.8364      lt25        0.06724     -126.86252  2.15514     136.90111   0.60202     -0.06489    118.83277   -1.27867    108.22444   0.75359
20X20       28.5        0.5         0.1         128.71      -138.8      20.0718     125.8       54.3852     -146.95     -114.55     17.24       85.5889     121.25      130.35      76.1645     32.3027     -144.7      -118.5      -110.6      17.8752     81.15       88.3766     118.1       125.4       134.0       82.167      56.825      23.96       1.7228      lt25        1.68555     -114.54063  54224.1999  -26792.80627            22.16667    -0.06858    122.45458   -1.33494    124.1307    0.52845
