FS          d_cm        ini_bin     bin         D(0)        p1d1sx      D(p1d1sx)   p1d1dx      D(p1d1dx)   p1d2sx      p2d2sx      D(p1d2sx)   D(p2d2sx)   p1d2dx      p2d2dx      D(p1d2dx)   D(p2d2dx)   p1d3sx      p2d3sx      p3d3sx      D(p1d3sx)   D(p2d3sx)   D(p3d3sx)   p1d3dx      p2d3dx      p3d3dx      D(p1d3dx)   D(p2d3dx)   D(p3d3dx)   D(IP-25)    off25       params
4X4         2.0         0.5         0.1         450.78      -20.9       194.326     19.8        249.618     -23.95      -17.75      60.8504     337.955     16.65       22.95       388.026     106.793     -25.9       -21.5       -14.8       26.6794     163.92      407.606     14.6        19.4        25.7        424.37      269.874     43.231      0.35006     eq25        0.05909     -23.48982   2.06107     16.53341    25.92693    -0.06399    17.26581    -1.72437    12.63345    33.8026
4X4         5.5         0.5         0.1         362.01      -21.7       159.59      20.6        204.14      -24.85      -18.45      55.4567     272.475     17.45       23.85       309.679     90.0931     -26.8       -22.3       -15.4       28.97       136.178     326.384     15.4        20.2        26.6        338.168     219.934     41.1574     0.52789     eq25        0.06726     -24.37121   2.03142     17.27817    19.43854    -0.06541    18.04335    -1.74332    16.14498    20.73599
4X4         10.0        0.5         0.1         267.48      -22.7       120.958     21.7        148.818     -25.95      -19.25      45.2101     204.265     18.35       25.05       228.03      67.5203     -28.1       -23.2       -16.3       24.7088     107.1596    240.832     16.2        21.2        27.8        248.92      162.65      34.039      0.63028     eq25        0.07192     -25.44024   1.95019     21.59916    11.27797    -0.0709     18.99396    -1.70949    20.05276    12.07946
15X15       2.0         0.5         0.1         485.71      -83.6       23.5752     72.6        219.438     -112.75     -57.65      9.33035     403.417     69.05       76.25       339.983     94.957      -112.8      -112.7      -53.2       9.32626     9.33444     413.52      66.6        72.3        79.1        374.142     231.472     47.2466     0.81075     lt25        1.59981     -57.61662   21306.32002 -4381.3372  181.22511   -0.04732    69.96893    -1.36219    29.36182    12.42062
15X15       5.5         0.5         0.1         407.32      -76.5       159.14      75.7        182.122     -80.15      -72.75      66.7567     258.67      71.85       79.45       280.532     85.9243     -82.5       -77.1       -69.4       42.135      140.85      301.28      69.3        75.4        82.5        307.03      191.138     47.415      1.6963      eq25        0.05911     -79.57698   1.93909     32.43104    9.02782     -0.06133    72.9844     -1.25366    23.3793     12.41527
15X15       10.0        0.5         0.1         319.11      -80.4       125.014     79.4        145.566     -84.15      -76.55      57.7856     197.138     75.45       83.35       216.886     72.7942     -86.5       -81.3       -72.7       40.962      106.122     233.08      72.8        79.1        86.4        236.658     152.094     45.7642     1.95478     eq25        0.06692     -83.72677   2.25134     41.24029    5.28271     -0.05656    76.59396    -1.28424    40.37784    5.30837
24X24       2.0         0.5         0.1         487.43      -122.5      36.658      118.2       116.284     -148.75     -148.85     14.4125     14.3847     100.65      136.25      347.065     18.5845     -149.3      -148.9      -148.8      14.2266     14.3708     14.3986     -148.7      136.2       136.3       14.4264     18.6112     18.5578     1.4676      eq25        0.95412     -106.21108  22413.79765 -7427.90629 76.63077    -7.8376     100.69851   22021.2432  -134.53703  3878.72772
24X24       5.5         0.5         0.1         410.99      -128.3      38.9212     127.1       48.4704     -150.45     -110.75     18.5921     269.56      109.95      144.75      280.533     20.1355     -140.2      -113.7      -107.8      23.9092     259.736     275.626     107.1       144.7       144.8       285.826     20.1494     20.1216     1.8578      lt25        0.99256     -110.7839   26328.39472 -9604.70544 66.08024    -7.96771    109.99464   25826.50051 -154.64922  3629.9616
24X24       10.0        0.5         0.1         323.89      -135.7      36.5164     134.8       39.8968     -150.45     -117.25     23.6108     206.015     116.25      148.75      215.86      23.8345     -139.9      -120.3      -114.1      31.2126     197.326     211.718     113.1       148.7       148.8       220.726     23.866      23.803      2.359       lt25        0.90264     -117.22791  30588.88718 -16128.53395            41.93346    -13.55186   116.21454   29989.47466 -78.74812   7608.3128
