deriv_1, deriv_2, dose_1, dose_2, dose_0, second_deriv_1, second_deriv_2, second_dose_1, second_dose_2

depth                                                                                                         20X20                                                                                                         
2.0                                                                                                           -9.565, 9.565, 199.996, 199.996, 483.976, -9.89, -9.33, 81.34, 284.749, -9.89, -9.33, 81.34, 284.749          
5.5                                                                                                           -9.885, 9.885, 206.933, 206.933, 480.996, -10.29, -9.69, 79.957, 270.707, -10.29, -9.69, 79.957, 270.707      
10.0                                                                                                          -10.415, 10.415, 152.17, 152.17, 373.433, -10.79, -10.03, 70.781, 229.684, -10.79, -10.03, 70.781, 229.684    
15.0                                                                                                          -10.985, 10.985, 110.828, 110.828, 280.026, -11.29, -10.63, 64.525, 163.506, -11.29, -10.63, 64.525, 163.506  
20.0                                                                                                          -11.495, 11.495, 87.986, 87.986, 208.817, -11.89, -11.19, 47.372, 118.88, -11.89, -11.19, 47.372, 118.88      
25.0                                                                                                          -12.065, 12.065, 64.07, 64.07, 156.45, -12.38, -11.78, 40.665, 85.474, -12.38, -11.78, 40.665, 85.474         
28.5                                                                                                          -12.385, 12.385, 55.293, 55.293, 128.23, -12.83, -12.08, 30.275, 72.342, -12.83, -12.08, 30.275, 72.342       
