FS          d_cm        ini_bin     bin         D(0)        p1d1sx      D(p1d1sx)   p1d1dx      D(p1d1dx)   p1d2sx      p2d2sx      D(p1d2sx)   D(p2d2sx)   p1d2dx      p2d2dx      D(p1d2dx)   D(p2d2dx)   p1d3sx      p2d3sx      p3d3sx      D(p1d3sx)   D(p2d3sx)   D(p3d3sx)   p1d3dx      p2d3dx      p3d3dx      D(p1d3dx)   D(p2d3dx)   D(p3d3dx)   D(IP-25)    off25       params
7X7         2.0         0.5         0.1         419.41      -37.6       35.626      31.6        237.14      -59.0       -22.1       5.5911      397.214     28.1        35.1        355.354     105.5484    -59.1       -59.0       -19.3       5.56288     5.5911      404.668     25.7        31.1        38.0        386.524     257.762     46.755      0.545       lt25        0.92468     -22.0011    7824.75505  -1974.01965 146.84701   -0.05108    28.88232    -1.58201    25.98115    14.71567
7X7         5.5         0.5         0.1         343.24      -34.6       139.424     32.9        193.886     -38.1       -31.0       49.1258     243.5       29.2        36.5        289.17      90.761      -40.4       -35.5       -27.4       28.0064     111.78      297.99      26.8        32.3        39.5        312.234     212.922     45.077      0.83898     lt25        0.07478     -37.68618   2.27429     20.65722    14.80278    -0.06009    29.99983    -1.66663    26.24339    11.49779
7X7         10.0        0.5         0.1         257.51      -36.3       107.324     34.6        145.914     -40.0       -32.6       41.216      182.552     30.7        38.3        216.092     72.0464     -42.3       -37.2       -28.9       26.3486     87.627      221.768     28.2        33.9        41.5        232.906     161.382     37.927      1.0481      lt25        0.08414     -39.48578   2.26577     24.07498    9.2287      -0.07993    31.50127    -1.70078    22.57309    9.76295
7X7         15.0        0.5         0.1         211.87      -38.5       89.058      36.6        121.814     -42.4       -34.4       36.6174     150.32      32.5        40.6        178.26      61.5748     -44.9       -39.5       -30.3       24.3668     72.485      183.302     29.8        35.9        44.1        190.852     133.626     33.6018     1.0626      eq25        0.12579     -41.93858   2.37459     16.00477    11.29293    -0.06777    33.32807    -1.70205    44.73301    3.98902
7X7         20.0        0.5         0.1         151.79      -40.3       65.6078     38.4        87.8004     -44.4       -36.2       28.0666     108.676     34.3        42.5        126.754     45.293      -46.9       -41.3       -32.2       19.3216     54.5676     130.968     31.5        37.7        46.1        136.15      95.7078     25.6078     0.98564     lt25        0.10392     -43.82802   2.22058     33.40814    3.7877      -0.10093    35.0379     -1.76629    30.59582    4.09926
7X7         25.0        0.5         0.1         111.07      -42.3       47.7164     40.3        64.196      -46.4       -38.0       21.2176     79.19       35.9        44.7        92.8164     32.7412     -48.9       -43.4       -33.6       15.2524     38.803      95.8864     32.9        39.7        48.4        100.1208    68.975      19.1338     0.88239     lt25        0.12185     -45.92038   2.44292     37.85713    2.42186     -0.11098    36.86753    -1.60827    36.54036    2.49737
7X7         28.5        0.5         0.1         90.323      -43.5       39.467      41.6        51.6542     -47.7       -39.1       17.8818     64.933      37.2        45.9        74.7702     27.2106     -50.4       -44.5       -34.8       12.6164     33.256      77.9178     34.2        40.9        49.6        80.6918     56.0396     16.0634     0.77731     lt25        0.12542     -47.18115   2.26198     43.96612    1.68126     -0.11056    38.06822    -1.66112    46.84597    1.56186
10X10       2.0         0.5         0.1         427.5       -49.6       159.84      47.8        230.382     -53.0       -46.1       53.356      283.162     44.3        51.3        342.576     106.208     -55.2       -50.6       -42.5       28.1126     121.836     350.94      41.9        47.3        54.3        371.916     250.014     49.2826     0.8456      eq25        0.05893     -52.64078   2.42359     27.44504    13.33171    -0.05282    45.01724    -1.64229    26.54501    13.70196
10X10       5.5         0.5         0.1         355.32      -51.6       135.656     49.8        189.402     -55.2       -47.9       50.7484     235.758     46.0        53.5        281.98      91.01       -57.4       -52.6       -44.0       32.1824     107.1042    288.86      43.5        49.2        56.6        303.82      207.612     47.0764     1.15932     eq25        0.06187     -54.77875   2.47836     35.00281    8.33346     -0.06405    46.85736    -1.59274    24.77114    11.68493
10X10       10.0        0.5         0.1         271.36      -54.2       105.5888    52.4        142.966     -57.9       -50.3       44.6936     178.744     48.4        56.3        211.214     71.4792     -60.2       -55.2       -46.1       31.1938     85.526      219.134     45.6        51.8        59.5        228.608     155.442     40.791      1.35414     eq25        0.08874     -57.49205   2.54059     26.0143     8.19737     -0.06675    49.33365    -1.46905    33.05216    6.39788
10X10       15.0        0.5         0.1         224.16      -57.3       90.6352     55.4        120.486     -61.3       -53.1       41.4246     149.65      51.1        59.7        174.866     61.7694     -63.8       -58.3       -48.7       30.0358     75.7076     180.782     48.1        54.8        63.1        188.894     129.782     37.5228     1.0718      lt25        0.09044     -60.84045   2.41508     35.17946    4.88006     -0.08342    52.12486    -1.48944    31.07841    5.49761
10X10       20.0        0.5         0.1         162.95      -60.2       66.474      58.3        87.0164     -64.3       -55.8       32.0392     108.586     53.7        62.7        126.6       45.7224     -66.8       -61.4       -51.1       24.1416     54.0608     131.302     50.6        57.8        66.2        136.724     92.4808     29.1848     1.32358     eq25        0.07748     -63.88179   2.5813      75.45633    1.6162      -0.08289    55.01242    -1.31072    44.29549    2.73778
10X10       25.0        0.5         0.1         120.53      -63.0       49.923      61.0        65.52       -67.2       -58.6       24.9694     80.0896     56.4        65.5        93.6568     35.211      -69.8       -64.2       -53.7       19.176      41.2384     96.6672     53.3        60.5        69.2        100.584     69.27       22.8172     1.1164      eq25        0.10209     -66.79088   2.58074     62.66525    1.4092      -0.08603    57.58671    -1.41519    61.67601    1.42445
10X10       28.5        0.5         0.1         97.857      -76.7       13.2018     62.8        53.312      -94.0       -49.8       8.7357      84.2698     58.2        67.4        75.5752     29.0884     -93.2       -54.2       -45.5       8.92868     79.982      86.7        55.0        62.2        71.1        81.585      56.9792     19.1052     0.87357     lt25        3.09397     -49.74074   53360.25857 -10907.13416            47.60859    -0.04634    59.24994    -1.4987     282.97302   0.24981
20X20       2.0         0.5         0.1         437.11      -150.5      8.4369      111.0       22.117      -150.5      -0.9        8.4369      437.358     78.0        147.4       339.12      8.69368     -34.5       -1.0        -0.9        407.12      437.38      437.358     72.3        147.3       147.4       348.744     8.70576     8.69368     0.84369     lt25        3.55515     -53.84301   24378.41925 -7118.52053 352.47332   -2.24682    78.01264    24135.0419  -4453.0654  181.34629
20X20       5.5         0.5         0.1         368.99      -150.0      10.849      100.3       165.1       -150.0      -59.2       10.849      311.766     96.5        104.0       240.81      84.66       -150.0      -78.6       -0.4        10.849      282.106     369.054     94.0        99.7        107.1       258.56      179.194     48.9002     1.0849      lt25        4.39852     -59.15435   26710.8452  -5767.26412 415.46264   -0.06353    97.28708    -1.64144    31.44708    7.54243
20X20       10.0        0.5         0.1         289.18      -107.5      96.578      105.3       130.136     -111.3      -103.7      46.8866     154.142     101.4       109.1       185.052     71.4346     -113.6      -108.6      -99.5       36.0276     78.9504     185.64      98.7        104.7       112.4       199.16      140.606     45.0288     1.9488      eq25        0.03326     -110.85988  2.49559     230.16366   0.74187     -0.07089    102.19281   -1.62914    36.91385    4.72266
20X20       15.0        0.5         0.1         250.75      -113.7      86.1992     111.6       110.44      -117.7      -109.5      45.9938     135.19      107.3       115.8       156.068     62.5382     -120.2      -114.7      -105.3      36.515      73.6786     160.148     104.4       111.0       119.3       167.828     119.15      42.5212     2.17082     eq25        0.04963     -117.22131  2.3634      139.91928   1.00129     -0.06949    108.27584   -1.52087    54.16699    2.60907
20X20       20.0        0.5         0.1         184.96      -119.1      66.6712     117.2       83.2916     -123.5      -114.7      36.461      101.368     113.0       121.4       113.83      50.0298     -126.2      -120.2      -110.3      29.9822     57.4296     117.974     110.2       116.4       125.2       119.506     89.6578     34.533      1.92096     eq25        0.0655      -122.90389  2.24121     123.16833   0.81568     -0.06274    113.71854   -1.86407    110.91515   0.8786
20X20       25.0        0.5         0.1         138.81      -125.1      48.5654     123.0       60.157      -129.4      -120.5      28.4656     74.03       118.3       127.7       83.8024     35.5804     -132.1      -126.3      -115.7      23.8748     41.9924     85.6834     115.0       122.5       131.3       89.068      63.445      26.4808     1.61606     eq25        0.09015     -128.9553   2.53184     102.54696   0.69783     -0.0848     119.59057   -1.31858    78.54041    0.9085
20X20       28.5        0.5         0.1         113.94      -128.8      40.614      127.0       47.497      -133.6      -123.8      23.6512     60.7184     121.7       132.2       68.5042     27.8728     -136.5      -130.2      -118.2      19.75       34.513      71.3624     117.6       127.2       135.9       73.9974     46.5522     20.8442     1.37122     eq25        0.09444     -133.1361   2.63866     142.45202   0.41445     -0.05084    130.42123   1.06562     284.79546   0.21035
