FS          d_cm        ini_bin     bin         D(0)        p1d1sx      D(p1d1sx)   p1d1dx      D(p1d1dx)   p1d2sx      p2d2sx      D(p1d2sx)   D(p2d2sx)   p1d2dx      p2d2dx      D(p1d2dx)   D(p2d2dx)   p1d3sx      p2d3sx      p3d3sx      D(p1d3sx)   D(p2d3sx)   D(p3d3sx)   p1d3dx      p2d3dx      p3d3dx      D(p1d3dx)   D(p2d3dx)   D(p3d3dx)   D(IP-25)    off25       params
7X7         2.0         0.5         0.1         430.7       -33.4       180.068     32.2        231.122     -36.85      -29.85      58.6816     316.609     28.65       35.65       357.412     100.1492    -39.1       -34.0       -26.8       28.0988     154.52      378.098     26.3        31.8        38.5        390.036     248.314     44.246      0.61332     lt25        0.04298     -36.26954   1.87715     39.50407    9.97447     -0.04895    29.54932    -1.39839    25.09398    15.43309
7X7         5.5         0.5         0.1         352.08      -36.9       84.926      33.5        190.11      -55.45      -23.25      10.3577     330.375     29.85       37.15       288.217     85.3968     -55.5       -55.4       -20.8       10.336      10.3794     336.196     27.3        33.1        40.1        316.408     203.262     42.2122     0.87668     lt25        1.10781     -23.242     9058.12921  -1665.83849 144.98138   -0.05585    30.73217    -1.39322    26.82766    11.44894
7X7         10.0        0.5         0.1         265.2       -36.4       116.518     35.2        144.318     -40.15      -32.65      45.982      193.865     31.35       39.05       216.561     66.4976     -42.5       -37.1       -29.2       28.591      100.3538    230.73      28.7        34.9        42.1        236.35      151.228     35.8892     1.0906      lt25        0.08351     -39.53189   1.90729     21.35259    10.67872    -0.07875    32.42002    -1.30913    19.33483    11.62139
10X10       2.0         0.5         0.1         438.27      -49.6       173.288     48.3        225.41      -53.05      -46.15      59.2769     298.77      44.75       51.85       342.395     98.5514     -55.2       -50.3       -42.8       32.0666     145.486     361.718     42.4        48.0        54.7        373.058     237.41      46.3784     0.91156     eq25        0.05741     -52.56604   2.07877     25.09342    14.85571    -0.0518     45.69826    -1.3818     24.24488    15.10616
10X10       5.5         0.5         0.1         363.95      -51.6       146.894     50.4        183.626     -55.25      -47.95      56.475      247.616     46.65       54.15       278.798     83.6473     -57.5       -52.4       -44.4       35.003      122.926     298.068     44.0        50.0        57.1        305.72      196.09      44.5304     1.2059      eq25        0.06187     -54.7424    2.13554     30.83389    9.65863     -0.06511    47.66361    -1.27859    20.39974    14.2974
10X10       10.0        0.5         0.1         278.94      -58.9       40.9248     52.9        142.654     -79.45      -40.35      14.1097     246.788     48.95       56.95       211.703     66.4793     -79.5       -79.4       -37.2       14.098      14.1214     251.918     46.1        52.7        60.0        231.93      146.942     39.125      1.4005      lt25        1.81929     -40.31429   28649.60044 -3729.88204 171.85976   -0.06437    50.31759    -1.08779    28.78429    7.46359
15X15       2.0         0.5         0.1         446.98      -74.0       158.7       82.1        27.3858     -77.35      -70.55      58.7257     273.016     61.15       106.55      362.959     9.77096     -79.4       -74.7       -67.1       34.8012     133.36      332.76      57.5        106.5       106.6       371.35      9.7781      9.76382     1.2472      eq25        0.05951     -76.92699   2.21135     26.59552    12.70155    -1.35657    61.10943    22490.61656 -4621.28119 163.28556
15X15       5.5         0.5         0.1         374.7       -76.9       138.82      75.7        172.302     -80.45      -73.25      58.6824     230.705     71.95       79.45       258.545     81.5289     -82.7       -77.6       -69.8       38.686      119.74      274.398     69.3        75.4        82.4        281.37      180.684     46.5616     1.59106     eq25        0.05981     -79.9836    2.08263     35.46243    7.57209     -0.06285    73.0641     -1.19173    23.36119    11.27326
15X15       10.0        0.5         0.1         291.53      -80.7       111.744     79.4        136.21      -84.55      -76.85      51.485      179.272     75.55       83.35       198.277     68.9231     -86.9       -81.5       -73.1       37.0502     96.353      211.768     72.8        79.1        86.4        215.504     142.24      43.3286     1.6334      lt25        0.07389     -84.00795   2.11323     35.92263    5.52961     -0.05473    76.56912    -1.3209     47.88963    4.04253
