FS          d_cm        ini_bin     bin         D(0)        p1d1sx      D(p1d1sx)   p1d1dx      D(p1d1dx)   p1d2sx      p2d2sx      D(p1d2sx)   D(p2d2sx)   p1d2dx      p2d2dx      D(p1d2dx)   D(p2d2dx)   p1d3sx      p2d3sx      p3d3sx      D(p1d3sx)   D(p2d3sx)   D(p3d3sx)   p1d3dx      p2d3dx      p3d3dx      D(p1d3dx)   D(p2d3dx)   D(p3d3dx)   D(IP-25)    off25       params
4X4         2.0         0.5         0.1         450.78      -21.1       184.168     19.6        259.786     -24.2       -18.0       54.1482     328.91      16.4        22.7        395.082     115.658     -26.2       -21.8       -15.1       24.2752     149.316     403.038     14.3        19.1        25.4        426.95      284.886     47.4458     0.34694     eq25        0.05909     -23.68982   2.06107     16.53341    25.92693    -0.06399    17.06581    -1.72437    12.63345    33.8026
4X4         5.5         0.5         0.1         362.01      -21.9       151.57      20.4        212.098     -25.1       -18.7       50.1724     265.384     17.2        23.6        315.174     96.8666     -27.1       -22.6       -15.7       26.8204     124.892     323.188     15.1        19.9        26.3        340.322     231.466     44.6006     0.51896     eq25        0.06726     -24.57121   2.03142     17.27817    19.43854    -0.06541    17.84335    -1.74332    16.14498    20.73599
4X4         10.0        0.5         0.1         267.48      -22.9       115.366     21.5        154.37      -26.2       -19.5       41.6774     199.62      18.1        24.8        231.63      72.0992     -28.4       -23.5       -16.6       23.2412     99.044      238.426     15.9        20.9        27.5        250.552     170.888     36.373      0.62591     eq25        0.07192     -25.64024   1.95019     21.59916    11.27797    -0.0709     18.79396    -1.70949    20.05276    12.07946
15X15       2.0         0.5         0.1         485.71      -83.8       23.3116     72.4        227.446     -113.0      -57.9       9.3099      402.862     68.8        76.0        345.16      100.87      -113.1      -113.0      -53.5       9.29114     9.3099      412.89      66.3        72.0        78.8        376.414     243.55      50.5848     1.00998     eq25        1.59981     -57.81662   21306.32002 -4381.3372  181.22511   -0.04732    69.76893    -1.36219    29.36182    12.42062
15X15       5.5         0.5         0.1         407.32      -76.7       152.996     75.5        188.11      -80.4       -73.0       62.8162     254.03      71.6        79.2        284.352     91.0758     -82.8       -77.4       -69.7       40.575      132.06      298.964     69.0        75.1        82.2        308.95      200.222     49.866      1.0924      lt25        0.05911     -79.77698   1.93909     32.43104    9.02782     -0.06133    72.7844     -1.25366    23.3793     12.41527
15X15       10.0        0.5         0.1         319.11      -80.6       120.77      79.2        149.918     -84.4       -76.8       55.2716     193.478     75.2        83.1        219.716     76.0262     -86.8       -81.6       -73.0       39.7506     99.968      231.49      72.5        78.8        86.1        238.02      158.566     47.3758     1.9445      eq25        0.06692     -83.92677   2.25134     41.24029    5.28271     -0.05656    76.39396    -1.28424    40.37784    5.30837
24X24       2.0         0.5         0.1         487.43      -122.7      35.7472     118.0       121.88      -149.0      -149.1      14.343      14.3042     100.4       136.0       347.424     18.718      -149.6      -149.2      -149.1      14.1208     14.2654     14.3042     -149.0      135.9       136.0       14.343      18.7774     18.718      1.46368     eq25        0.95412     -106.41108  22413.79765 -7427.90629 76.63077    -7.8376     100.49851   22021.2432  -134.53703  3878.72772
24X24       5.5         0.5         0.1         410.99      -128.5      38.288      126.9       49.887      -150.5      -111.0      18.578      268.99      109.7       144.5       281.048     20.205      -140.5      -114.0      -108.1      23.689      258.35      275.002     106.8       144.4       144.5       286.302     20.2542     20.205      1.8578      lt25        0.99256     -110.9839   26328.39472 -9604.70544 66.08024    -7.96771    109.79464   25826.50051 -154.64922  3629.9616
24X24       10.0        0.5         0.1         323.89      -135.9      36.1828     134.6       40.4956     -150.5      -117.5      23.59       205.48      116.0       148.5       216.28      23.992      -140.2      -120.6      -114.4      30.9188     196.056     211.202     112.8       148.4       148.5       221.18      24.0644     23.992      2.359       lt25        0.90264     -117.42791  30588.88718 -16128.53395            41.93346    -13.55186   116.01454   29989.47466 -78.74812   7608.3128
