FS          d_cm        ini_bin     bin         D(0)        p1d1sx      D(p1d1sx)   p1d1dx      D(p1d1dx)   p1d2sx      p2d2sx      D(p1d2sx)   D(p2d2sx)   p1d2dx      p2d2dx      D(p1d2dx)   D(p2d2dx)   p1d3sx      p2d3sx      p3d3sx      D(p1d3sx)   D(p2d3sx)   D(p3d3sx)   p1d3dx      p2d3dx      p3d3dx      D(p1d3dx)   D(p2d3dx)   D(p3d3dx)   D(IP-25)    off25       params
7X7         2.0         0.5         0.1         461.97      -33.4       186.584     32.0        253.38      -36.7       -30.1       59.5354     327.324     28.5        35.5        387.19      107.65      -38.8       -34.2       -26.9       29.4992     149.236     401.184     26.1        31.6        38.2        421.962     271.476     48.9904     0.61889     lt25        0.04827     -36.2413    2.17612     29.88252    14.0815     -0.03603    29.43285    -1.41331    42.77653    9.77929
7X7         5.5         0.5         0.1         378.52      -36.0       113.7       33.3        205.886     -53.5       -24.6       11.977      349.262     29.7        36.9        311.28      90.1674     -53.6       -53.5       -22.6       11.9186     11.977      355.53      27.1        33.0        39.7        341.474     215.9       45.9482     0.91772     lt25        0.80345     -24.55341   8520.89343  -2068.26645 111.45679   -0.03307    30.82879    -1.19604    62.28608    5.30646
7X7         10.0        0.5         0.1         284.82      -36.3       123.242     35.0        156.5       -39.9       -32.6       49.4644     207.012     31.2        38.7        234.074     73.3278     -42.3       -37.0       -29.4       30.5424     105.57      244.284     28.6        34.5        41.6        254.98      168.89      40.6116     1.1567      lt25        0.07509     -39.30939   1.89617     23.49799    10.32727    -0.06304    32.19747    -1.39804    27.78958    8.68208
7X7         15.0        0.5         0.1         237.56      -38.0       102.22      36.5        132.71      -41.8       -34.1       42.7848     171.026     32.5        40.4        196.44      64.1038     -44.3       -38.8       -30.5       27.4182     87.1886     203.85      29.8        36.0        43.5        213.256     142.39      36.349      1.1634      eq25        0.09468     -41.23703   2.02573     21.35958    9.37578     -0.08125    33.50323    -1.46043    23.20003    8.58472
7X7         20.0        0.5         0.1         172.37      -39.8       77.3234     38.4        96.2388     -43.8       -35.8       33.2426     125.764     34.2        42.4        142.976     47.838      -46.5       -40.6       -32.2       21.427      66.7826     148.134     31.4        37.8        45.7        154.686     104.194     27.6156     1.0871      lt25        0.09417     -43.16875   1.89977     30.88667    4.643       -0.08952    35.2616     -1.45699    28.65781    4.97993
7X7         25.0        0.5         0.1         125.07      -41.7       56.3946     40.3        69.7026     -45.8       -37.5       25.2088     91.756      36.0        44.4        103.12      35.5486     -48.6       -42.4       -33.8       16.7046     49.844      107.532     33.1        39.7        47.8        111.834     75.426      20.7712     0.94629     lt25        0.10435     -45.10177   1.84573     36.75637    2.79268     -0.09158    37.08745    -1.43085    40.22061    2.54097
7X7         28.5        0.5         0.1         102.72      -48.6       16.5576     41.5        57.536      -62.1       -32.6       8.69256     91.8882     37.2        45.8        84.2444     28.8212     -62.2       -35.3       -30.0       8.66632     87.3066     94.452      34.2        41.0        49.2        91.4018     61.298      17.272      0.85876     lt25        2.07506     -32.56306   48045.23719 -8077.22468 56.24367    -0.10665    38.29542    -1.41654    37.28775    2.2319
10X10       2.0         0.5         0.1         476.82      -49.4       184.962     48.0        247.62      -52.8       -46.0       62.5636     322.37      44.4        51.5        377.464     109.81      -54.9       -50.2       -42.8       34.1318     149.918     391.018     42.0        47.5        54.3        411.29      269.42      51.9076     0.95298     eq25        0.05608     -52.28538   2.14258     23.86399    16.96366    -0.04925    45.31382    -1.46764    25.21062    15.99176
10X10       5.5         0.5         0.1         396.87      -51.3       161.994     50.0        205.5       -54.9       -47.7       62.9348     271.292     46.3        53.7        307.412     95.1816     -57.3       -52.1       -44.4       37.737      135.16      322.894     43.6        49.6        56.6        335.928     218.9       50.583      1.30392     eq25        0.06035     -54.36924   1.99598     27.72378    11.63254    -0.05206    47.28513    -1.35213    29.80168    10.76305
10X10       10.0        0.5         0.1         303.44      -53.9       126.808     52.6        157.02      -57.7       -50.1       54.2978     207.534     48.7        56.5        232.562     75.335      -60.2       -54.7       -46.6       36.0512     108.494     244.826     45.9        52.2        59.5        253.218     166.412     44.191      1.51782     eq25        0.06576     -57.1217    1.96917     35.38484    6.71208     -0.05967    49.89185    -1.23546    31.87189    7.35567
10X10       15.0        0.5         0.1         255.22      -56.5       105.83      54.9        134.276     -60.6       -52.4       47.0198     170.962     50.8        58.9        196.75      69.2878     -63.2       -57.5       -48.4       32.8894     88.245      203.492     48.0        54.3        62.2        212.37      145.228     41.5736     1.6541      eq25        0.09378     -60.07942   2.1948      26.97057    7.18993     -0.06289    51.76132    -1.48662    43.29656    4.45356
10X10       20.0        0.5         0.1         186.2       -59.5       76.946      57.9        97.042      -63.6       -55.3       36.1792     123.528     53.5        62.1        142.5       50.403      -66.1       -60.5       -51.0       26.9608     64.504      147.95      50.5        57.4        65.4        154.58      103.346     31.9262     1.4621      eq25        0.06568     -63.06302   2.35426     82.45678    1.66733     -0.08476    54.81972    -1.24732    32.89202    4.1849
10X10       25.0        0.5         0.1         136.81      -62.2       57.749      60.7        71.479      -66.4       -57.9       28.3438     91.6566     56.2        65.0        104.264     37.518      -69.0       -63.2       -53.7       21.47       49.0262     108.176     53.1        60.3        68.4        113.098     75.125      24.686      1.0475      lt25        0.08638     -65.86055   2.27228     67.66318    1.45899     -0.06283    57.69793    -1.14923    82.66739    1.19633
10X10       28.5        0.5         0.1         111.82      -63.9       48.4344     62.4        59.3542     -68.3       -59.6       24.0104     75.3548     58.0        66.8        84.713      31.5312     -71.0       -64.9       -55.5       18.162      41.5812     88.28       54.9        62.0        70.2        92.2266     62.231      21.0294     1.06108     eq25        0.04647     -67.64011   2.08557     284.77792   0.28101     -0.05507    59.25352    -1.28694    144.79659   0.55107
20X20       2.0         0.5         0.1         483.03      -106.5      27.531      105.5       32.922      -140.0      -84.7       10.904      355.518     85.0        134.5       356.89      11.343      -122.4      -88.4       -81.0       15.6598     345.088     363.68      81.5        134.4       134.5       363.42      11.3752     11.343      1.263       eq25        1.08409     -84.63006   22507.21644 -8822.06264 76.06602    -1.23511    85.07365    22591.63964 -6210.77313 103.82025
20X20       5.5         0.5         0.1         408.17      -102.1      135.728     108.7       41.6462     -105.6      -98.5       59.005      224.04      89.9        138.5       293.464     13.574      -107.8      -103.0      -95.0       40.9878     111.35      268.82      86.7        138.4       138.5       299.592     13.6036     13.574      1.4379      lt25        0.0561      -105.14191  2.2696      42.84044    6.05397     -1.21953    89.91412    25725.75514 -7473.44258 79.70388
20X20       10.0        0.5         0.1         320.3       -107.1      111.778     105.6       139.026     -110.8      -103.3      55.2042     177.05      101.7       109.4       200.524     73.7226     -113.3      -107.9      -99.8       40.3474     96.7172     207.702     99.0        105.1       112.5       216.95      148.546     47.007      1.7852      lt25        0.04848     -110.28387  2.06179     81.89436    2.32513     -0.05565    102.70552   -1.39111    47.93388    3.98478
20X20       15.0        0.5         0.1         280.92      -112.2      100.1308    110.8       120.48      -116.2      -108.2      52.1586     154.246     106.5       115.0       172.73      65.523      -118.7      -113.1      -104.3      40.864      86.8862     180.558     103.6       110.4       118.2       186.348     126.426     45.273      1.9348      lt25        0.04328     -115.61701  2.15038     143.10555   1.11504     -0.08848    107.79934   -1.24974    25.26717    6.27104
20X20       20.0        0.5         0.1         210.11      -117.8      76.4204     116.2       91.4098     -122.0      -113.5      42.365      116.09      111.9       120.5       127.274     52.576      -124.8      -118.7      -109.4      33.5538     67.5002     134.532     108.9       115.8       123.9       137.38      95.5722     37.1474     2.1656      eq25        0.08105     -121.39128  2.07117     62.92194    1.82857     -0.06958    113.09132   -1.32845    62.905      1.79596
20X20       25.0        0.5         0.1         156.03      -123.3      58.0772     121.9       67.293      -127.7      -118.9      33.0422     86.1782     117.3       126.4       93.8478     39.357      -130.4      -124.3      -114.7      27.1138     50.903      99.4162     114.1       121.4       130.0       101.162     70.8482     28.491      1.8364      lt25        0.06724     -127.06252  2.15514     136.90111   0.60202     -0.06489    118.63277   -1.27867    108.22444   0.75359
20X20       28.5        0.5         0.1         128.71      -139.0      19.965      125.6       55.6064     -147.0      -114.8      17.228      85.3634     121.0       130.1       76.948      33.1872     -145.0      -118.8      -110.9      17.793      80.6802     88.2014     117.8       125.1       133.7       82.5564     58.649      24.3416     1.7228      lt25        1.68555     -114.74063  54224.1999  -26792.80627            22.16667    -0.06858    122.25458   -1.33494    124.1307    0.52845
